name,description,address,city,region,province,postal_code,phone,fax,hours,url,latitude,longitude,distance,materials,pickup,dropoff,notes,groups,curbside,municipal,national,event_only
"USPS Post Office Box Lobby Recycling Program","US Post Office","602 Lingle St","Osceola Mills","Clearfield","PA","16666","8002758777","0","","https://www.usps.com/","40.85025","-78.26979","0.382931778855417","Catalogs; Greeting Cards; Magazines; Paper (Mixed)","false","true","","","false","false","false","false"
"US Post Office","USPS Discarded Lobby Mail Recycling Program","602 Lingle St","Osceola Mills","Clearfield","PA","16666","0","0","","","40.85025","-78.26979","0.382931778855417","Computer (Recycling); Computer Monitors; Electronics; Laptop Computers; Computer Peripherals; Printers/Scanners/Fax Machines; Small Televisions; Tablets; Televisions; Video Game Consoles; PlayStation Consoles","false","true","","","false","false","false","false"
"Doug's Auto Service","","Rte 322","Woodland","","PA","16881","8148576360","0","","","41.0001428","-78.3248521","10.404260205168","","false","false","","","false","false","false","false"
"Clearfield County Recycling Drop-off Site - Cooper Township","","I-80, exit 133","Kylertown","","PA","16858","8147655149","0","","https://clearfieldco.org/ccswa/","40.9866791","-78.1694296","10.6616718093923","","false","false","","","false","false","false","false"
"USPS Post Office Box Lobby Recycling Program","US Post Office","93 Rolling Stone Rd","Kylertown","Clearfield","PA","16847","8002758777","0","","https://www.usps.com/","40.99339","-78.16849","11.0859544999059","Catalogs; Greeting Cards; Magazines; Paper (Mixed)","false","true","","","false","false","false","false"
"US Post Office","USPS Discarded Lobby Mail Recycling Program","93 Rolling Stone Rd","Kylertown","Clearfield","PA","16847","0","0","","","40.99339","-78.16849","11.0859544999059","Computer (Recycling); Computer Monitors; Electronics; Laptop Computers; Computer Peripherals; Printers/Scanners/Fax Machines; Small Televisions; Tablets; Televisions; Video Game Consoles; PlayStation Consoles","false","true","","","false","false","false","false"
"USPS Post Office Box Lobby Recycling Program","US Post Office","977 Maple St","Lanse","Clearfield","PA","16849","8002758777","0","","https://www.usps.com/","40.97266","-78.12989","11.1289293878305","Catalogs; Greeting Cards; Magazines; Paper (Mixed)","false","true","","","false","false","false","false"
"US Post Office","USPS Discarded Lobby Mail Recycling Program","977 Maple St","Lanse","Clearfield","PA","16849","0","0","","","40.97266","-78.12989","11.1289293878305","Computer (Recycling); Computer Monitors; Electronics; Laptop Computers; Computer Peripherals; Printers/Scanners/Fax Machines; Small Televisions; Tablets; Televisions; Video Game Consoles; PlayStation Consoles","false","true","","","false","false","false","false"
"Fulmar's Garage and Towing","","Road 2 Box 266","Morrisdale","","PA","16858","8143456985","0","","","41.0033867","-78.1906417","11.1874413790947","","false","false","","","false","false","false","false"
"Charlie's Tires and Service","","Deer Creek Road","Morrisdale","","PA","16858","8143420819","0","","","41.0182239","-78.2318384","11.5360200941604","","false","false","","","false","false","false","false"
"Clearfield County Recycling Drop-off Site - Brady Township","","U.S. 322 & Luthersburg","Brady","","PA","15801","8147655149","0","","https://clearfieldco.org/ccswa/","40.8088113","-78.0577378","11.7677587211781","","false","false","","","false","false","false","false"
"Centre County Recycling Drop-off Site -  Halfmoon Township","","310 Locust St","Port Matilda","","PA","16870","8142387005","0","","http://www.centrecountyrecycles.com/Recycle/DropOffRecycing/DropOffRecycling.htm","40.7992558","-78.0499939","12.3466379919901","","false","false","","","false","false","false","false"
"Marie Krasinski","","523 Church Hill Road","Morrisdale","","PA","16858","8143455835","0","","","41.018474","-78.168139","12.6243821295858","","false","false","","","false","false","false","false"
"USPS Post Office Box Lobby Recycling Program","US Post Office","1071 Pennsylvania Ave","Tyrone","Blair","PA","16686","8002758777","0","","https://www.usps.com/","40.67158","-78.23793","12.7770145903793","Catalogs; Greeting Cards; Magazines; Paper (Mixed)","false","true","","","false","false","false","false"
"US Post Office","USPS Discarded Lobby Mail Recycling Program","1071 Pennsylvania Ave","Tyrone","Blair","PA","16686","0","0","","","40.67158","-78.23793","12.7770145903793","Computer (Recycling); Computer Monitors; Electronics; Laptop Computers; Computer Peripherals; Printers/Scanners/Fax Machines; Small Televisions; Tablets; Televisions; Video Game Consoles; PlayStation Consoles","false","true","","","false","false","false","false"
"Marie Krasinski","Marie Krasinski","523 Church Hill Rd","Morrisdale","Clearfield","PA","16858","8143455835","0","","","41.02095","-78.16377","12.8789730167244","Cooking Oil; Used Motor Oil; Computer (Recycling); Computer Monitors; Electronics; Laptop Computers; Computer Peripherals; Printers/Scanners/Fax Machines; Small Televisions; Tablets; Televisions; Video Game Consoles; PlayStation Consoles","false","true","","","false","false","false","false"
"Clearfield County Recycling Drop-off Program","","115 21st St","Clearfield","","PA","16830","8147655149","0","","https://clearfieldco.org/ccswa/","41.0187896","-78.4120155","13.4311427636","","false","false","","","false","false","false","false"
"K.B. Motors","","1921 Daisy Street","Clearfield","","PA","16830","8147651517","0","","","41.0214021","-78.4135708","13.6270542338497","","false","false","","","false","false","false","false"
"Goodwill","Goodwill","1800 Daisy Street Ext","Clearfield","Clearfield","PA","16830","8147654564","0","Monday: 10:00 AM - 7:00 PM Tuesday: 10:00 AM - 7:00 PM Wednesday: 10:00 AM - 7:00 PM Thursday: 10:00 AM - 7:00 PM Friday: 10:00 AM - 7:00 PM Saturday: 10:00 AM - 7:00 PM Sunday: 12:00 PM - 5:00 PM ","http://www.goodwill.org/","41.02234","-78.41446","13.7065865218221","Books (Reuse); Cell Phones; Clothing; Gift Bags; Household Goods; Ornaments; Reusable Appliance Donation; Computer (Recycling); Computer Monitors; Electronics; Laptop Computers; Computer Peripherals; Printers/Scanners/Fax Machines; Small Televisions; Tablets; Televisions; Video Game Consoles; PlayStation Consoles","false","true","","","false","false","false","false"
"RadioShack","RadioShack","1800 Daisy Street Ext","Clearfield","Clearfield","PA","16830","8147652173","0","Monday: 10:00 AM - 9:00 PM Tuesday: 10:00 AM - 9:00 PM Wednesday: 10:00 AM - 9:00 PM Thursday: 10:00 AM - 9:00 PM Friday: 10:00 AM - 9:00 PM Saturday: 10:00 AM - 9:00 PM Sunday: 11:00 AM - 6:00 PM ","http://www.radioshack.com","41.02234","-78.41446","13.7065865218221","Ni-Cd Batteries; Batteries (Rechargeable); Computer (Recycling); Computer Monitors; Electronics; Laptop Computers; Computer Peripherals; Printers/Scanners/Fax Machines; Small Televisions; Tablets; Televisions; Video Game Consoles; PlayStation Consoles","false","true","This site is located in the Clearfield Mall along Route 322.","","false","false","false","false"
"Mercy Mission Outlet","","Arnold Ave","Clearfield","","PA","16830","8147650279","0","","","41.009716","-78.438538","13.7232708906915","","false","false","","","false","false","false","false"
"Life Line","Life Line","416 Arnold Ave","Clearfield","Clearfield","PA","16830","8147653225","0","","http://www.ypwcministries.org/","41.01244","-78.44001","13.9183289248181","Clothing; Gift Bags; Eyeglasses; Household Goods; Ornaments; Computer (Recycling); Computer Monitors; Electronics; Laptop Computers; Computer Peripherals; Printers/Scanners/Fax Machines; Small Televisions; Tablets; Televisions; Video Game Consoles; PlayStation Consoles","false","true","","","false","false","false","false"
"Walmart Tire and Lube Express","","100 Supercenter Dr","Clearfield","","PA","16830","8147658089","0","","https://www.walmart.com/cp/ideas/8932632","41.0319384","-78.4007529","13.9198377087618","","false","false","","","false","false","false","false"
"Fred Diehl Motor, Inc.","","Rte 879 Bypass","Clearfield","","PA","16830","8147659656","0","","","41.0200229","-78.4267643","13.9272851169497","","false","false","","","false","false","false","false"
"Lowe's","","100 Lowes Drive","Clearfield","","PA","16830","8142902000","0","","https://newsroom.lowes.com/responsibility/operational-excellence/","41.0337183","-78.3973105","13.9448847309074","","false","false","","","false","false","false","false"
"Butler Chevrolet, Inc.","Butler Chevrolet, Inc.","9118 Clearfield Curwensville Hwy","Clearfield","Clearfield","PA","16830","8147659656","0","","null","40.99007","-78.47281","13.9600681523137","Lead Acid (Pb) Batteries; Used Motor Oil; Used Tires; Computer (Recycling); Computer Monitors; Electronics; Laptop Computers; Computer Peripherals; Printers/Scanners/Fax Machines; Small Televisions; Tablets; Televisions; Video Game Consoles; PlayStation Consoles","false","true","","","false","false","false","false"
"Quality Farm & Fleet","","River Rd & Wolf Run Rd & Clearfield Shawville Hwy","Clearfield","","PA","16830","8147687850","0","","","41.0293278","-78.4096935","13.9904214441612","","false","false","","","false","false","false","false"
"USPS Post Office Box Lobby Recycling Program","US Post Office","143 Post Office Ave","Blandburg","Cambria","PA","16619","8002758777","0","","https://www.usps.com/","40.68324","-78.41766","13.9954650433","Catalogs; Greeting Cards; Magazines; Paper (Mixed)","false","true","","","false","false","false","false"
"A.J. Ross Jr. Towing & Recovery","","313 Spruce St","Clearfield","","PA","16830","8147659802","0","","","41.01197","-78.443401","14.0035504399356","","false","false","","","false","false","false","false"
"Lowe's","Lowe's","100 Lowes Dr","Clearfield","Clearfield","PA","16830","8147653532","0","Monday: 7:00 AM - 9:00 PM Tuesday: 7:00 AM - 9:00 PM Wednesday: 7:00 AM - 9:00 PM Thursday: 7:00 AM - 9:00 PM Friday: 7:00 AM - 9:00 PM Saturday: 7:00 AM - 9:00 PM Sunday: 8:00 AM - 7:00 PM ","http://www.lowes.com","41.03245","-78.40361","14.0219450626584","Cell Phones; Compact Fluorescent Lights; Batteries (Rechargeable); Plant Trays, Pots & Tags; Computer (Recycling); Computer Monitors; Electronics; Laptop Computers; Computer Peripherals; Printers/Scanners/Fax Machines; Small Televisions; Tablets; Televisions; Video Game Consoles; PlayStation Consoles; Batteries (Rechargeable); Cell Phone Batteries; Li-Ion Batteries; Ni-Cd Batteries; Ni-MH Batteries; Small Sealed Lead Acid Batteries; Cell Phones","false","true","","Call2Recycle","false","false","false","false"
"Bi-Lo Foods","Bi-Lo Foods","200 Plaza Dr","Clearfield","Clearfield","PA","16830","8147650112","0","","","41.03245","-78.40361","14.0219450626584","Plastic Shopping Bags; Food Storage Bags; Computer (Recycling); Computer Monitors; Electronics; Laptop Computers; Computer Peripherals; Printers/Scanners/Fax Machines; Small Televisions; Tablets; Televisions; Video Game Consoles; PlayStation Consoles","false","true","","","false","false","false","false"
"Call2Recycle at Lowe's","Call2Recycle at Lowe's","100 Lowes Boulevard","Clearfield","Clearfield","PA","16830","8142902000","0","Monday: 6:00 AM - 10:00 PM Tuesday: 6:00 AM - 10:00 PM Wednesday: 6:00 AM - 10:00 PM Thursday: 6:00 AM - 10:00 PM Friday: 6:00 AM - 10:00 PM Saturday: 6:00 AM - 10:00 PM Sunday: 8:00 AM - 8:00 PM ","http://www.lowes.com/","41.03245","-78.40361","14.0219450626584","Cell Phones; Compact Fluorescent Lights; Ni-Cd Batteries; Plastic Shopping Bags; Li-Ion Batteries; Ni-MH Batteries; Ni-Zn Batteries; Small Sealed Lead Acid Batteries; Computer (Recycling); Computer Monitors; Electronics; Laptop Computers; Computer Peripherals; Printers/Scanners/Fax Machines; Small Televisions; Tablets; Televisions; Video Game Consoles; PlayStation Consoles","false","true","As an environmentally-committed retailer, Lowes offers a recycling center near store entrances to give consumers a free and easy way to properly dispose of rechargeable batteries, cell phones, CFLs and plastic shopping bags; materials that otherwise could be potentially harmful to the environment.  Look for the recycling center or ask a store associate for more details.","","false","false","false","false"
"Wise Eyes","Wise Eyes","140 Plaza Dr","Clearfield","Clearfield","PA","16830","8147651192","0","Monday: 8:30 AM - 7:00 PM Tuesday: 8:30 AM - 7:00 PM Wednesday: 8:30 AM - 7:00 PM Thursday: 8:30 AM - 7:00 PM Friday: 8:30 AM - 7:00 PM Saturday: 9:00 AM - 2:00 PM ","null","41.03245","-78.40361","14.0219450626584","Eyeglasses; Computer (Recycling); Computer Monitors; Electronics; Laptop Computers; Computer Peripherals; Printers/Scanners/Fax Machines; Small Televisions; Tablets; Televisions; Video Game Consoles; PlayStation Consoles","false","true","This site accepts eyeglasses and prescription sunglasses in any condition.  The drop-off box is located in the front of the store.","","false","false","false","false"
"A.J. Ross Jr. Towing & Recovery","A.J. Ross Jr. Towing & Recovery","313 Spruce St","Clearfield","Clearfield","PA","16830","8147659802","0","","","41.01286","-78.44284","14.0330271569122","Car; Lead Acid (Pb) Batteries; Transmission Fluid; Used Motor Oil; Computer (Recycling); Computer Monitors; Electronics; Laptop Computers; Computer Peripherals; Printers/Scanners/Fax Machines; Small Televisions; Tablets; Televisions; Video Game Consoles; PlayStation Consoles","false","true","","","false","false","false","false"
"Butler Chevrolet, Inc.","","Clerfield Curwensville Highway","Clearfield","","PA","16830","8147659656","0","","","40.98824","-78.4780928","14.0824398165236","","false","false","","","false","false","false","false"
"Wal-Mart SuperCenter","Wal-Mart SuperCenter","100 Supercenter Dr","Clearfield","Clearfield","PA","16830","8147658089","0","","http://www.walmart.com","41.03387","-78.40345","14.1040714662204","Lead Acid (Pb) Batteries; Eyeglasses; Plastic Shopping Bags; Used Motor Oil; Used Tires; Food Storage Bags; Computer (Recycling); Computer Monitors; Electronics; Laptop Computers; Computer Peripherals; Printers/Scanners/Fax Machines; Small Televisions; Tablets; Televisions; Video Game Consoles; PlayStation Consoles","false","true","","","false","false","false","false"
"Walmart Tire & Lube Express","Walmart Tire & Lube Express","100 Supercenter Dr","Clearfield","Clearfield","PA","16830","8147658089","0","","http://www.walmart.com/catalog/catalog.gsp?cat=495843","41.03387","-78.40345","14.1040714662204","Lead Acid (Pb) Batteries; Used Motor Oil; Oil Filters; Computer (Recycling); Computer Monitors; Electronics; Laptop Computers; Computer Peripherals; Printers/Scanners/Fax Machines; Small Televisions; Tablets; Televisions; Video Game Consoles; PlayStation Consoles","false","true","","","false","false","false","false"
"Carns Equipment","Carns Equipment","14357 Clearfield Shawville Hwy","Clearfield","Clearfield","PA","16830","8147655684","0","","","41.03442","-78.40293","14.1245904715785","Lead Acid (Pb) Batteries; Oil Filters; Computer (Recycling); Computer Monitors; Electronics; Laptop Computers; Computer Peripherals; Printers/Scanners/Fax Machines; Small Televisions; Tablets; Televisions; Video Game Consoles; PlayStation Consoles","false","true","","","false","false","false","false"
"Bud's Electric Service","Bud's Electric Service","207 Power Ave","Clearfield","Clearfield","PA","16830","8147659891","0","","","41.01856","-78.4372","14.1638421035696","Lead Acid (Pb) Batteries; Computer (Recycling); Computer Monitors; Electronics; Laptop Computers; Computer Peripherals; Printers/Scanners/Fax Machines; Small Televisions; Tablets; Televisions; Video Game Consoles; PlayStation Consoles","false","true","","","false","false","false","false"
"Carns Equipment","","14357 Clearfield Shawville Highway","Clearfield","","PA","16830","8147655684","0","","","41.0353337","-78.4027967","14.1769008008509","","false","false","","","false","false","false","false"
"USPS Post Office Box Lobby Recycling Program","US Post Office","1501 Washington Ave","Hyde","Clearfield","PA","16843","8002758777","0","","https://www.usps.com/","41.00287","-78.46274","14.1994009521376","Catalogs; Greeting Cards; Magazines; Paper (Mixed)","false","true","","","false","false","false","false"
"US Post Office","USPS Discarded Lobby Mail Recycling Program","1501 Washington Ave","Hyde","Clearfield","PA","16843","0","0","","","41.00287","-78.46274","14.1994009521376","Computer (Recycling); Computer Monitors; Electronics; Laptop Computers; Computer Peripherals; Printers/Scanners/Fax Machines; Small Televisions; Tablets; Televisions; Video Game Consoles; PlayStation Consoles","false","true","","","false","false","false","false"
"Ross Quality Cars","Ross Quality Cars","313 E Cherry St","Clearfield","Clearfield","PA","16830","8147655555","0","","","41.02083","-78.43461","14.20979174433","Used Motor Oil; Computer (Recycling); Computer Monitors; Electronics; Laptop Computers; Computer Peripherals; Printers/Scanners/Fax Machines; Small Televisions; Tablets; Televisions; Video Game Consoles; PlayStation Consoles","false","true","","","false","false","false","false"
"Baker Auto Parts Drop-Off Site","Baker Auto Parts Drop-Off Site","212 E Locust St","Clearfield","Clearfield","PA","16830","8147659692","0","Monday: 8:00 AM - 5:30 PM Tuesday: 8:00 AM - 5:30 PM Wednesday: 8:00 AM - 5:30 PM Thursday: 8:00 AM - 5:30 PM Friday: 8:00 AM - 5:30 PM Saturday: 8:00 AM - 11:59 PM ","null","41.02333","-78.43797","14.452558636247","Lead Acid (Pb) Batteries; Computer (Recycling); Computer Monitors; Electronics; Laptop Computers; Computer Peripherals; Printers/Scanners/Fax Machines; Small Televisions; Tablets; Televisions; Video Game Consoles; PlayStation Consoles","false","true","","","false","false","false","false"
"USPS Post Office Box Lobby Recycling Program","US Post Office","118 N 2nd St","Clearfield","Clearfield","PA","16830","8002758777","0","","https://www.usps.com/","41.02346","-78.43816","14.4656559279229","Catalogs; Greeting Cards; Magazines; Paper (Mixed)","false","true","","","false","false","false","false"
"US Post Office","USPS Discarded Lobby Mail Recycling Program","118 N 2nd St","Clearfield","Clearfield","PA","16830","0","0","","","41.02346","-78.43816","14.4656559279229","Computer (Recycling); Computer Monitors; Electronics; Laptop Computers; Computer Peripherals; Printers/Scanners/Fax Machines; Small Televisions; Tablets; Televisions; Video Game Consoles; PlayStation Consoles","false","true","","","false","false","false","false"
"Zacherl Motors","Zacherl Motors","122 S 2nd St","Clearfield","Clearfield","PA","16830","8147655559","0","","","41.02348","-78.43816","14.4667708481754","Used Motor Oil; Computer (Recycling); Computer Monitors; Electronics; Laptop Computers; Computer Peripherals; Printers/Scanners/Fax Machines; Small Televisions; Tablets; Televisions; Video Game Consoles; PlayStation Consoles","false","true","","","false","false","false","false"
"USPS Post Office Box Lobby Recycling Program","US Post Office","2361 Skyline Dr","Glasgow","Cambria","PA","16644","8002758777","0","","https://www.usps.com/","40.68501","-78.43746","14.4766958921357","Catalogs; Greeting Cards; Magazines; Paper (Mixed)","false","true","","","false","false","false","false"
"US Post Office","USPS Discarded Lobby Mail Recycling Program","2361 Skyline Dr","Glasgow","Cambria","PA","16644","0","0","","","40.68501","-78.43746","14.4766958921357","Computer (Recycling); Computer Monitors; Electronics; Laptop Computers; Computer Peripherals; Printers/Scanners/Fax Machines; Small Televisions; Tablets; Televisions; Video Game Consoles; PlayStation Consoles","false","true","","","false","false","false","false"
"USPS Post Office Box Lobby Recycling Program","US Post Office","5433 Kylertown Drifting Hwy","Drifting","Clearfield","PA","16834","8002758777","0","","https://www.usps.com/","41.02228","-78.10776","14.5038947472379","Catalogs; Greeting Cards; Magazines; Paper (Mixed)","false","true","","","false","false","false","false"
"US Post Office","USPS Discarded Lobby Mail Recycling Program","5433 Kylertown Drifting Hwy","Drifting","Clearfield","PA","16834","0","0","","","41.02228","-78.10776","14.5038947472379","Computer (Recycling); Computer Monitors; Electronics; Laptop Computers; Computer Peripherals; Printers/Scanners/Fax Machines; Small Televisions; Tablets; Televisions; Video Game Consoles; PlayStation Consoles","false","true","","","false","false","false","false"
"Clearfield Tire and Recapping","","102 West Second Street","Clearfield","","PA","16830","8147654788","0","","","41.020844","-78.4440411","14.505263798223","","false","false","","","false","false","false","false"
"Life Line","","Reed St","Clearfield","","PA","16830","8147653225","0","","","41.025558","-78.436607","14.5355726887815","","false","false","","","false","false","false","false"
"Novey Recycling","Novey Recycling","2 W Pine St","Clearfield","Clearfield","PA","16830","8147654125","8147654155","Monday: 7:30 AM - 4:00 PM Tuesday: 7:30 AM - 4:00 PM Wednesday: 7:30 AM - 4:00 PM Thursday: 7:30 AM - 4:00 PM Friday: 7:30 AM - 4:00 PM Saturday: 7:30 AM - 11:30 AM ","null","41.02446","-78.44173","14.6317422658713","Aluminum Cans; Car; Automobile Parts; Lead Acid (Pb) Batteries; Ferrous Metals (Steel or Iron); Large Household Appliances; Clothes Hangers (Metal); Non-ferrous (Copper/Brass/Tin); Tin or Steel Cans; Car Donation; Computer (Recycling); Computer Monitors; Electronics; Laptop Computers; Computer Peripherals; Printers/Scanners/Fax Machines; Small Televisions; Tablets; Televisions; Video Game Consoles; PlayStation Consoles","true","true","Novey Recycling has been family owned and serving Clearfield Pennsylvania and the surrounding communities for over 102 years. We build our success on competitive pricing and outstanding customer service. We offer a roll off container service for both residential and commercial customers. Call for details or with any questions.","","false","false","false","false"
"Hill Auto Service","","Mt Joy Rd","Clearfield","","PA","16830","8147657342","0","","","41.0326862","-78.4391467","15.0140884905593","","false","false","","","false","false","false","false"
"USPS Post Office Box Lobby Recycling Program","US Post Office","663 Forest St","Tipton","Blair","PA","16684","8002758777","0","","https://www.usps.com/","40.63483","-78.30212","15.2390136681126","Catalogs; Greeting Cards; Magazines; Paper (Mixed)","false","true","","","false","false","false","false"
"US Post Office","USPS Discarded Lobby Mail Recycling Program","663 Forest St","Tipton","Blair","PA","16684","0","0","","","40.63483","-78.30212","15.2390136681126","Computer (Recycling); Computer Monitors; Electronics; Laptop Computers; Computer Peripherals; Printers/Scanners/Fax Machines; Small Televisions; Tablets; Televisions; Video Game Consoles; PlayStation Consoles","false","true","","","false","false","false","false"
"USPS Post Office Box Lobby Recycling Program","US Post Office","133 Julia St","Irvona","Clearfield","PA","16656","8002758777","0","","https://www.usps.com/","40.77461","-78.55122","15.4780547189528","Catalogs; Greeting Cards; Magazines; Paper (Mixed)","false","true","","","false","false","false","false"
"US Post Office","USPS Discarded Lobby Mail Recycling Program","133 Julia St","Irvona","Clearfield","PA","16656","0","0","","","40.77461","-78.55122","15.4780547189528","Computer (Recycling); Computer Monitors; Electronics; Laptop Computers; Computer Peripherals; Printers/Scanners/Fax Machines; Small Televisions; Tablets; Televisions; Video Game Consoles; PlayStation Consoles","false","true","","","false","false","false","false"
"Johnson's Garage","Johnson's Garage","1773 Dorsey Ave","Irvona","Clearfield","PA","16656","8146723615","0","","null","40.7724","-78.55099","15.5221267721698","Aluminum Cans; Glass (Brown); Glass (Clear); Glass (Green); Used Motor Oil; Computer (Recycling); Computer Monitors; Electronics; Laptop Computers; Computer Peripherals; Printers/Scanners/Fax Machines; Small Televisions; Tablets; Televisions; Video Game Consoles; PlayStation Consoles","false","true","","","false","false","false","false"
"Curwensville Ace Hardware","Curwensville Ace Hardware","454 State St","Curwensville","Clearfield ","PA","16833-1241","8142360720","0","","","40.9756725033436","-78.5264591877002","15.5903900190654","Batteries (Rechargeable); Cell Phone Batteries; Cell Phones; Li-Ion Batteries; Ni-Cd Batteries; Ni-MH Batteries; Small Sealed Lead Acid Batteries","false","true","Call or Check Online for Hours","Call2Recycle","false","false","false","false"
"USPS Post Office Box Lobby Recycling Program","US Post Office","525 State St","Curwensville","Clearfield","PA","16833","8002758777","0","","https://www.usps.com/","40.97624","-78.52751","15.6576803975155","Catalogs; Greeting Cards; Magazines; Paper (Mixed)","false","true","","","false","false","false","false"
"Novey Recycling","","1661 Martin St","Clearfield","","PA","16830","8147654125","0","","https://www.noveyrecycling.com/","41.0334577","-78.462378","15.7805555068515","","false","false","","","false","false","false","false"
"Lawrence Township Compost Site","","Mann Rd","Clearfield","","PA","16830","8147650176","0","","","41.024815","-78.476357","15.7940469912006","","false","false","","","false","false","false","false"
"Hill Auto Service","Hill Auto Service","1074 Mount Joy Rd","Clearfield","Clearfield","PA","16830","8147657342","0","Monday: 9:00 AM - 5:00 PM Tuesday: 9:00 AM - 5:00 PM Wednesday: 9:00 AM - 5:00 PM Thursday: 9:00 AM - 5:00 PM Friday: 9:00 AM - 5:00 PM ","null","41.0475","-78.43744","15.8159764886077","Transmission Fluid; Used Motor Oil; Computer (Recycling); Computer Monitors; Electronics; Laptop Computers; Computer Peripherals; Printers/Scanners/Fax Machines; Small Televisions; Tablets; Televisions; Video Game Consoles; PlayStation Consoles","false","true","","","false","false","false","false"
"USPS Post Office Box Lobby Recycling Program","US Post Office","1664 Glendale Valley Blvd","Fallentimber","Cambria","PA","16639","8002758777","0","","https://www.usps.com/","40.68952","-78.50055","16.4170115804395","Catalogs; Greeting Cards; Magazines; Paper (Mixed)","false","true","","","false","false","false","false"
"US Post Office","USPS Discarded Lobby Mail Recycling Program","1664 Glendale Valley Blvd","Fallentimber","Cambria","PA","16639","0","0","","","40.68952","-78.50055","16.4170115804395","Computer (Recycling); Computer Monitors; Electronics; Laptop Computers; Computer Peripherals; Printers/Scanners/Fax Machines; Small Televisions; Tablets; Televisions; Video Game Consoles; PlayStation Consoles","false","true","","","false","false","false","false"
"Carns Equipment","","Nelson Rd","Clearfield","","PA","16830","8147655684","0","","","41.042191","-78.477417","16.7421345191761","","false","false","","","false","false","false","false"
"USPS Post Office Box Lobby Recycling Program","US Post Office","4848 S Eagle Valley Rd","Julian","Centre","PA","16844","8002758777","0","","https://www.usps.com/","40.86431","-77.94155","17.4181251438063","Catalogs; Greeting Cards; Magazines; Paper (Mixed)","false","true","","","false","false","false","false"
"US Post Office","USPS Discarded Lobby Mail Recycling Program","4848 S Eagle Valley Rd","Julian","Centre","PA","16844","0","0","","","40.86431","-77.94155","17.4181251438063","Computer (Recycling); Computer Monitors; Electronics; Laptop Computers; Computer Peripherals; Printers/Scanners/Fax Machines; Small Televisions; Tablets; Televisions; Video Game Consoles; PlayStation Consoles","false","true","","","false","false","false","false"
"USPS Post Office Box Lobby Recycling Program","US Post Office","33 Cecil Hurd Hwy Ste 1","La Jose","Clearfield","PA","15753","8002758777","0","","https://www.usps.com/","40.79524","-78.60743","17.8730673289936","Catalogs; Greeting Cards; Magazines; Paper (Mixed)","false","true","","","false","false","false","false"
"USPS Post Office Box Lobby Recycling Program","US Post Office","6890 W Whitehall Rd","Pennsylvania Furnace","Centre","PA","16865","8002758777","0","","https://www.usps.com/","40.7064","-77.99109","18.0169889752502","Catalogs; Greeting Cards; Magazines; Paper (Mixed)","false","true","","","false","false","false","false"
"US Post Office","USPS Discarded Lobby Mail Recycling Program","6890 W Whitehall Rd","Pennsylvania Furnace","Centre","PA","16865","0","0","","","40.7064","-77.99109","18.0169889752502","Computer (Recycling); Computer Monitors; Electronics; Laptop Computers; Computer Peripherals; Printers/Scanners/Fax Machines; Small Televisions; Tablets; Televisions; Video Game Consoles; PlayStation Consoles","false","true","","","false","false","false","false"
"Lowe's","","104 Valley Vista Dr","State College","","PA","16803","8143219130","0","","https://newsroom.lowes.com/responsibility/operational-excellence/","40.8118824","-77.9260296","18.4582825088774","Batteries (Rechargeable); Cell Phone Batteries; Li-Ion Batteries; Ni-Cd Batteries; Ni-MH Batteries; Small Sealed Lead Acid Batteries; Cell Phones","false","true","","Call2Recycle","false","false","false","false"
"Logan Township Christmas Tree Collection Event","","Chief Logan Dr","Logan Twp Police Dept","","PA","16602","8146964620","0","","","40.5905569","-78.3383541","18.532610727342","","false","false","","","false","false","false","false"
"Home Depot","","2615 Green Tech Dr","State College","","PA","16803","8142381524","0","","https://ecooptions.homedepot.com/","40.8141879","-77.9228641","18.5968809115283","Batteries (Rechargeable); Cell Phone Batteries; Li-Ion Batteries; Ni-Cd Batteries; Ni-MH Batteries; Small Sealed Lead Acid Batteries","false","true","","Call2Recycle","false","false","false","false"
"Call2Recycle at Lowe's","Call2Recycle at Lowe's","104 Valley Vista Dr","State College","Centre","PA","16803","8143219130","0","Monday: 6:00 AM - 10:00 PM Tuesday: 6:00 AM - 10:00 PM Wednesday: 6:00 AM - 10:00 PM Thursday: 6:00 AM - 10:00 PM Friday: 6:00 AM - 10:00 PM Saturday: 6:00 AM - 10:00 PM Sunday: 8:00 AM - 8:00 PM ","http://www.lowes.com/","40.81095","-77.92317","18.6162855130229","Cell Phones; Compact Fluorescent Lights; Ni-Cd Batteries; Plastic Shopping Bags; Li-Ion Batteries; Ni-MH Batteries; Ni-Zn Batteries; Small Sealed Lead Acid Batteries; Computer (Recycling); Computer Monitors; Electronics; Laptop Computers; Computer Peripherals; Printers/Scanners/Fax Machines; Small Televisions; Tablets; Televisions; Video Game Consoles; PlayStation Consoles","false","true","As an environmentally-committed retailer, Lowes offers a recycling center near store entrances to give consumers a free and easy way to properly dispose of rechargeable batteries, cell phones, CFLs and plastic shopping bags; materials that otherwise could be potentially harmful to the environment.  Look for the recycling center or ask a store associate for more details.","","false","false","false","false"
"Centre County Drop Off Recycling Center-Moshannon","","103 Spruce Rd","Moshannon","","PA","16859","8142387005","0","","http://www.centrecountyrecycles.com/Recycle/DropOffRecycing/DropOffRecycling.htm","41.0323598","-78.0052901","18.6742513188768","","false","false","","","false","false","false","false"
"Shred Nations","Shred Nations (inside The UPS Store)","19 Colonnade Way Ste 117","State College","Centre","PA","16803","8143499176","0","Monday: 8:00 AM - 7:00 PM Tuesday: 8:00 AM - 7:00 PM Wednesday: 8:00 AM - 7:00 PM Thursday: 8:00 AM - 7:00 PM Friday: 8:00 AM - 7:00 PM Saturday: 9:00 AM - 5:00 PM Sunday: 11:00 AM - 4:00 PM ","http://www.shrednations.com/dropoff/location/state-college/e7cfd64d-6d52-7ee8-1a16-5374f60b7188","40.81313","-77.9214","18.6837224006048","Cell Phones; Computer (Recycling); Laptop Computers; Small Televisions; Documents to Shred; Computer Monitors; Electronics; Computer Peripherals; Printers/Scanners/Fax Machines; Tablets; Televisions; Video Game Consoles; PlayStation Consoles","true","true","Shred Nations offers document shredding, hard drive destruction, electronics recycling and more. Visit website for quotes and full list of services offered in your area. ","","false","false","false","false"
"Compros","Compros","143 Hawbaker Industrial Dr","State College","Centre","PA","16803","8142385463","0","","http://www.comprosinc.com/","40.81196","-77.91443","19.0563217003394","Cell Phones; Ni-Cd Batteries; Li-Ion Batteries; Ni-MH Batteries; Ni-Zn Batteries; Small Sealed Lead Acid Batteries; Computer (Recycling); Computer Monitors; Electronics; Laptop Computers; Computer Peripherals; Printers/Scanners/Fax Machines; Small Televisions; Tablets; Televisions; Video Game Consoles; PlayStation Consoles","false","true","The U.S. EPA estimates that more than 350 million rechargeable batteries are purchased annually in the U.S. Thanks to the environmental commitment of this location, its easy and free to recycle your batteries. Bring your rechargeable batteries to this location and look for the recycling box or ask an associate how you can do your part for the environment.","","false","false","false","false"
"NAPA Auto Parts","NAPA Auto Parts","2260 N Atherton St","State College","Centre","PA","16803","8142380581","0","Monday: 8:00 AM - 7:00 PM Tuesday: 8:00 AM - 7:00 PM Wednesday: 8:00 AM - 7:00 PM Thursday: 8:00 AM - 7:00 PM Friday: 8:00 AM - 7:00 PM Saturday: 8:00 AM - 4:00 PM Sunday: 9:00 AM - 2:00 PM ","","40.80978","-77.91175","19.2186588415846","Lead Acid (Pb) Batteries; Computer (Recycling); Computer Monitors; Electronics; Laptop Computers; Computer Peripherals; Printers/Scanners/Fax Machines; Small Televisions; Tablets; Televisions; Video Game Consoles; PlayStation Consoles","false","true","","","false","false","false","false"
"Call2Recycle at the Home Depot","Call2Recycle at the Home Depot","2615 Green Tech Dr","State College","Centre","PA","16803","8142381524","0","","http://www.homedepot.com/","40.81098","-77.90953","19.319994683009","Cell Phones; Compact Fluorescent Lights; Ni-Cd Batteries; Li-Ion Batteries; Ni-MH Batteries; Ni-Zn Batteries; Small Sealed Lead Acid Batteries; Computer (Recycling); Computer Monitors; Electronics; Laptop Computers; Computer Peripherals; Printers/Scanners/Fax Machines; Small Televisions; Tablets; Televisions; Video Game Consoles; PlayStation Consoles","false","true","The Home Depot accepts used rechargeable batteries and compact fluorescent bulbs. Look for the orange drop boxes, usually located near the front entrance near the customer service desk, or ask a store associate for more details.","","false","false","false","false"
"USPS Post Office Box Lobby Recycling Program","US Post Office","1511 W Sycamore Rd","Moshannon","Centre","PA","16859","8002758777","0","","https://www.usps.com/","41.0431","-77.99838","19.4360038423142","Catalogs; Greeting Cards; Magazines; Paper (Mixed)","false","true","","","false","false","false","false"
"US Post Office","USPS Discarded Lobby Mail Recycling Program","1511 W Sycamore Rd","Moshannon","Centre","PA","16859","0","0","","","41.0431","-77.99838","19.4360038423142","Computer (Recycling); Computer Monitors; Electronics; Laptop Computers; Computer Peripherals; Printers/Scanners/Fax Machines; Small Televisions; Tablets; Televisions; Video Game Consoles; PlayStation Consoles","false","true","","","false","false","false","false"
"Target","Target","315 Colonnade Blvd","State College","Centre","PA","16803","8148618660","0","","http://www.target.com/","40.81056","-77.90686","19.4624432215031","Aluminum Cans; Cell Phones; Inkjet Printer Cartridges; MP3 Players; Plastic #1 (PETE); Plastic #2 (HDPE); Plastic Shopping Bags; Computer (Recycling); Computer Monitors; Electronics; Laptop Computers; Computer Peripherals; Printers/Scanners/Fax Machines; Small Televisions; Tablets; Televisions; Video Game Consoles; PlayStation Consoles","false","true","","","false","false","false","false"
"Wise Eyes Optical","Wise Eyes Optical","29 Irwin Dr","Philipsburg","Clearfield","PA","16866","8143425361","0","","http://www.wiseeyesoptical.com/","40.89659","-78.23792","3.48848336216668","Eyeglasses; Computer (Recycling); Computer Monitors; Electronics; Laptop Computers; Computer Peripherals; Printers/Scanners/Fax Machines; Small Televisions; Tablets; Televisions; Video Game Consoles; PlayStation Consoles","false","true","","","false","false","false","false"
"Centre County Drop Off Recycling Center-Cold Stream Dam","","Cold Stream Rd","Philipsburg","","PA","16866","8142387005","0","","http://www.centrecountyrecycles.com/Recycle/DropOffRecycing/DropOffRecycling.htm","40.870672","-78.2067979","3.71805346610383","","false","false","","","false","false","false","false"
"USPS Post Office Box Lobby Recycling Program","US Post Office","222 E Laurel St","Philipsburg","Centre","PA","16866","8002758777","0","","https://www.usps.com/","40.89662","-78.2217","4.01865435241502","Catalogs; Greeting Cards; Magazines; Paper (Mixed)","false","true","","","false","false","false","false"
"US Post Office","USPS Discarded Lobby Mail Recycling Program","222 E Laurel St","Philipsburg","Centre","PA","16866","0","0","","","40.89662","-78.2217","4.01865435241502","Computer (Recycling); Computer Monitors; Electronics; Laptop Computers; Computer Peripherals; Printers/Scanners/Fax Machines; Small Televisions; Tablets; Televisions; Video Game Consoles; PlayStation Consoles","false","true","","","false","false","false","false"
"Wise Eyes Optical","","29 Irvin Dr","Philipsburg","","PA","16866","8143425361","0","","","40.8964465","-78.2205688","4.05094225530826","","false","false","","","false","false","false","false"
"Advance Auto Parts","Advance Auto Parts","1073 N Front St","Philipsburg","Clearfield","PA","16866","8143429101","0","","http://www.advanceautoparts.com","40.9041","-78.23319","4.05845289710332","Lead Acid (Pb) Batteries; Used Motor Oil; Computer (Recycling); Computer Monitors; Electronics; Laptop Computers; Computer Peripherals; Printers/Scanners/Fax Machines; Small Televisions; Tablets; Televisions; Video Game Consoles; PlayStation Consoles","false","true","","","false","false","false","false"
"NAPA Auto Parts","NAPA Auto Parts","903 N Front St","Philipsburg","Clearfield","PA","16866","8143425070","0","Monday: 8:00 AM - 7:00 PM Tuesday: 8:00 AM - 7:00 PM Wednesday: 8:00 AM - 7:00 PM Thursday: 8:00 AM - 7:00 PM Friday: 8:00 AM - 7:00 PM Saturday: 8:00 AM - 5:00 PM Sunday: 8:00 AM - 3:00 PM ","null","40.90326","-78.2309","4.07531920314135","Lead Acid (Pb) Batteries; Computer (Recycling); Computer Monitors; Electronics; Laptop Computers; Computer Peripherals; Printers/Scanners/Fax Machines; Small Televisions; Tablets; Televisions; Video Game Consoles; PlayStation Consoles","false","true","","","false","false","false","false"
"RadioShack - Vaux Electronics","RadioShack - Vaux Electronics","137 Richard St","Philipsburg","Centre","PA","16866","8143421611","0","Monday: 9:00 AM - 7:00 PM Tuesday: 9:00 AM - 7:00 PM Wednesday: 9:00 AM - 7:00 PM Thursday: 9:00 AM - 7:00 PM Friday: 9:00 AM - 7:00 PM Wednesday: 9:00 AM - 6:00 PM Saturday: 9:00 AM - 5:00 PM ","http://www.radioshack.com","40.90042","-78.20819","4.70640348196459","Ni-Cd Batteries; Batteries (Rechargeable); Computer (Recycling); Computer Monitors; Electronics; Laptop Computers; Computer Peripherals; Printers/Scanners/Fax Machines; Small Televisions; Tablets; Televisions; Video Game Consoles; PlayStation Consoles","false","true","","","false","false","false","false"
"USPS Post Office Box Lobby Recycling Program","US Post Office","398 Powell St","Hawk Run","Clearfield","PA","16840","8002758777","0","","https://www.usps.com/","40.92394","-78.20619","5.98775384718543","Catalogs; Greeting Cards; Magazines; Paper (Mixed)","false","true","","","false","false","false","false"
"US Post Office","USPS Discarded Lobby Mail Recycling Program","398 Powell St","Hawk Run","Clearfield","PA","16840","0","0","","","40.92394","-78.20619","5.98775384718543","Computer (Recycling); Computer Monitors; Electronics; Laptop Computers; Computer Peripherals; Printers/Scanners/Fax Machines; Small Televisions; Tablets; Televisions; Video Game Consoles; PlayStation Consoles","false","true","","","false","false","false","false"
"Chad Ramsey","","148 Old Route 53","Morrisdale","","PA","16858","8145778553","0","","","40.9488697","-78.2252111","7.01779284567994","","false","false","","","false","false","false","false"
"USPS Post Office Box Lobby Recycling Program","US Post Office","3023 Main St","Madera","Clearfield","PA","16661","8002758777","0","","https://www.usps.com/","40.82853","-78.43351","8.49475013957282","Catalogs; Greeting Cards; Magazines; Paper (Mixed)","false","true","","","false","false","false","false"
"US Post Office","USPS Discarded Lobby Mail Recycling Program","3023 Main St","Madera","Clearfield","PA","16661","0","0","","","40.82853","-78.43351","8.49475013957282","Computer (Recycling); Computer Monitors; Electronics; Laptop Computers; Computer Peripherals; Printers/Scanners/Fax Machines; Small Televisions; Tablets; Televisions; Video Game Consoles; PlayStation Consoles","false","true","","","false","false","false","false"
"USPS Post Office Box Lobby Recycling Program","US Post Office","726 Walnut St","Smithmill","Clearfield","PA","16680","8002758777","0","","https://www.usps.com/","40.76194","-78.42027","9.94104533287039","Catalogs; Greeting Cards; Magazines; Paper (Mixed)","false","true","","","false","false","false","false"
"US Post Office","USPS Discarded Lobby Mail Recycling Program","726 Walnut St","Smithmill","Clearfield","PA","16680","0","0","","","40.76194","-78.42027","9.94104533287039","Computer (Recycling); Computer Monitors; Electronics; Laptop Computers; Computer Peripherals; Printers/Scanners/Fax Machines; Small Televisions; Tablets; Televisions; Video Game Consoles; PlayStation Consoles","false","true","","","false","false","false","false"
