name,description,address,city,region,province,postal_code,phone,fax,hours,url,latitude,longitude,distance,materials,pickup,dropoff,notes,groups,curbside,municipal,national,event_only
"USPS Post Office Box Lobby Recycling Program","US Post Office","21 Hays St","Arnoldsburg","Calhoun","WV","25234","8002758777","0","","https://www.usps.com/","38.8009","-81.127","10.3145883690296","Catalogs; Greeting Cards; Magazines; Paper (Mixed)","false","true","","","false","false","false","false"
"USPS Post Office Box Lobby Recycling Program","US Post Office","6284 Wallback Rd","Wallback","Clay","WV","25285","8002758777","0","","https://www.usps.com/","38.53653","-81.1162","12.9888830273409","Catalogs; Greeting Cards; Magazines; Paper (Mixed)","false","true","","","false","false","false","false"
"USPS Post Office Box Lobby Recycling Program","US Post Office","10514 Ivydale Rd","Ivydale","Clay","WV","25113","8002758777","0","","https://www.usps.com/","38.54962","-81.03755","15.2333365659693","Catalogs; Greeting Cards; Magazines; Paper (Mixed)","false","true","","","false","false","false","false"
"USPS Post Office Box Lobby Recycling Program","US Post Office","54 Main St","Clay","Clay","WV","25043","8002758777","0","","https://www.usps.com/","38.62096","-80.98306","15.4361344765","Catalogs; Greeting Cards; Magazines; Paper (Mixed)","false","true","","","false","false","false","false"
"USPS Post Office Box Lobby Recycling Program","US Post Office","11957 Rosedale Rd","Rosedale","Gilmer","WV","26636","8002758777","0","","https://www.usps.com/","38.76386","-80.95549","16.9386923731243","Catalogs; Greeting Cards; Magazines; Paper (Mixed)","false","true","","","false","false","false","false"
"USPS Post Office Box Lobby Recycling Program","US Post Office","390 Servia Elmira Rd","Duck","Clay","WV","25063","8002758777","0","","https://www.usps.com/","38.61815","-80.95194","17.0965467935258","Catalogs; Greeting Cards; Magazines; Paper (Mixed)","false","true","","","false","false","false","false"
"USPS Post Office Box Lobby Recycling Program","US Post Office","100 Maywood Ave W","Clendenin","Kanawha","WV","25045","8002758777","0","","https://www.usps.com/","38.4469","-81.35301","17.6083361024986","Catalogs; Greeting Cards; Magazines; Paper (Mixed)","false","true","","","false","false","false","false"
"Clay County Schools","Clay County Schools","242 Church St","Clay","Clay","WV","25043","3045874266","0","Monday: 8:00 AM - 4:00 PM Tuesday: 8:00 AM - 4:00 PM Wednesday: 8:00 AM - 4:00 PM Thursday: 8:00 AM - 4:00 PM Friday: 8:00 AM - 4:00 PM ","","38.46043","-81.08274","18.3932913296416","Computer (Reuse); Video Game Consoles; PlayStation Consoles","false","true","","","false","false","false","false"
"USPS Post Office Box Lobby Recycling Program","US Post Office","100 Kentuck Rd","Kenna","Jackson","WV","25248","8002758777","0","","https://www.usps.com/","38.67822","-81.62073","19.7329003372901","Catalogs; Greeting Cards; Magazines; Paper (Mixed)","false","true","","","false","false","false","false"
"USPS Post Office Box Lobby Recycling Program","US Post Office","80 Gassaway Rd","Normantown","Gilmer","WV","25267","8002758777","0","","https://www.usps.com/","38.83905","-80.92243","20.6717075404264","Catalogs; Greeting Cards; Magazines; Paper (Mixed)","false","true","","","false","false","false","false"
"Goodwill Industries of Kanawha Valley Inc. - Dell Reconnect Donation Site","","203 Crossings Mall","Elkview","","WV","25071","3049655100","0","","http://goodwillkv.com/","38.45854","-81.4999316","20.7496918522532","","false","false","","","false","false","false","false"
"Advance Auto Parts","Advance Auto Parts","111 Crossings Shopping Ctr","Elkview","K","WV","25071","3049652563","0","Monday: 7:30 AM - 9:00 PM Tuesday: 7:30 AM - 9:00 PM Wednesday: 7:30 AM - 9:00 PM Thursday: 7:30 AM - 9:00 PM Friday: 7:30 AM - 9:00 PM Saturday: 7:30 AM - 9:00 PM Sunday: 9:00 AM - 8:00 PM ","http://www.advanceautoparts.com","38.437778","-81.481944","21.3021659376751","Lead Acid (Pb) Batteries; Used Motor Oil; Video Game Consoles; PlayStation Consoles","false","true","","","false","false","false","false"
"USPS Post Office Box Lobby Recycling Program","US Post Office","5062 Elk River Rd S","Elkview","Kanawha","WV","25071","8002758777","0","","https://www.usps.com/","38.43992","-81.48682","21.3346068606273","Catalogs; Greeting Cards; Magazines; Paper (Mixed)","false","true","","","false","false","false","false"
"Habitat for Humanity","Habitat for Humanity","212 Walnut St ","Ripley","Jackson County","WV","25271","3042730088","0","","http://www.habitat.org","38.7249191","-81.6732218","22.668412191691","Aluminum Cans; Carpet; Ceiling Tiles; Ceramic Tiles; Construction Materials (Reuse); Gift Bags; Household Goods; Linoleum; Ornaments; Porcelain; Roofing Materials; Video Game Consoles; PlayStation Consoles","false","true","","","false","false","false","false"
"Call2Recycle at RadioShack","Call2Recycle at RadioShack","215 Crossings Mall Rd","Elkview","Kanawha","WV","25071","3049656548","0","","http://www.radioshack.com/","38.42234","-81.49804","22.6758448719445","Cell Phones; Ni-Cd Batteries; Li-Ion Batteries; Ni-MH Batteries; Ni-Zn Batteries; Small Sealed Lead Acid Batteries; Video Game Consoles; PlayStation Consoles","false","true","As the first national retailer to partner with Call2Recycle, RadioShack is at the forefront of the rechargeable battery recycling cause and is pleased to offer battery recycling at thousands of convenient RadioShack locations for free.  Simply drop them off at your local RadioShack and theyll take care of the rest.  Ask a store associate for more details.","","false","false","false","false"
"USPS Post Office Box Lobby Recycling Program","US Post Office","231 N Pinch Rd","Pinch","Kanawha","WV","25156","8002758777","0","","https://www.usps.com/","38.41185","-81.48387","22.8482102439747","Catalogs; Greeting Cards; Magazines; Paper (Mixed)","false","true","","","false","false","false","false"
"Pinch Exxon","Pinch Exxon","239 S Pinch Rd ","Elkview","Kanawha County","WV","25071","3049657238","0","","","38.4045381","-81.480993","23.1928864497374","Used Motor Oil; Video Game Consoles; PlayStation Consoles","false","true","","","false","false","false","false"
"USPS Post Office Box Lobby Recycling Program","US Post Office","47 Fola Rd","Bickmore","Clay","WV","25019","8002758777","0","","https://www.usps.com/","38.36234","-81.09018","24.33131177881","Catalogs; Greeting Cards; Magazines; Paper (Mixed)","false","true","","","false","false","false","false"
"Hardman's","Hardman's","810 Charleston Dr","Ripley","Jackson","WV","25271","3043729126","0","","http://www.doitbest.com/","38.80299","-81.69906","25.1611864714772","Cell Phones; Ni-Cd Batteries; Li-Ion Batteries; Ni-MH Batteries; Ni-Zn Batteries; Small Sealed Lead Acid Batteries; Video Game Consoles; PlayStation Consoles","false","true","The U.S. EPA estimates that more than 350 million rechargeable batteries are purchased annually in the U.S. Thanks to the environmental commitment of this location, its easy and free to recycle your batteries. Bring your rechargeable batteries to this location and look for the recycling box or ask an associate how you can do your part for the environment.","","false","false","false","false"
"USPS Post Office Box Lobby Recycling Program","US Post Office","13938 Clay Hwy","Lizemores","Clay","WV","25125","8002758777","0","","https://www.usps.com/","38.32569","-81.17838","25.5105500566819","Catalogs; Greeting Cards; Magazines; Paper (Mixed)","false","true","","","false","false","false","false"
"USPS Post Office Box Lobby Recycling Program","US Post Office","400 Elk St","Gassaway","Braxton","WV","26624","8002758777","0","","https://www.usps.com/","38.69136","-80.78133","25.552138849518","Catalogs; Greeting Cards; Magazines; Paper (Mixed)","false","true","","","false","false","false","false"
"Mountain Recycling","Mountain Recycling","229 River St","Gassaway","Braxton","WV","26624","3043645275","0","Monday: 9:00 AM - 5:00 PM Tuesday: 9:00 AM - 5:00 PM Wednesday: 9:00 AM - 5:00 PM Thursday: 9:00 AM - 5:00 PM Friday: 9:00 AM - 5:00 PM ","","38.66797","-80.77751","25.8071250712028","Plastic #1 (PETE); Plastic #2 (HDPE); Plastic #2 (Color HDPE); Aluminum Cans; Glass (Brown); Lead Acid (Pb) Batteries; Cardboard; Glass (Clear); Computer Paper; Glass (Green); Newspapers; Non-ferrous (Copper/Brass/Tin); Other Batteries; Tin or Steel Cans; Video Game Consoles; PlayStation Consoles","false","true","","","false","false","false","false"
"USPS Post Office Box Lobby Recycling Program","US Post Office","114 Main St W # 116","Ripley","Jackson","WV","25271","8002758777","0","","https://www.usps.com/","38.81909","-81.70949","26.0529427220634","Catalogs; Greeting Cards; Magazines; Paper (Mixed)","false","true","","","false","false","false","false"
"City of Ripley Recycling Drop-Off Site","","203 S Church St","Ripley","","WV","25271","3043723482","0","","https://commerce.wv.gov","38.8172264","-81.7110251","26.0873086119425","","false","false","","","false","false","false","false"
"Jackson County Solid Waste Authority Recycling Drop-Off Site","","Straight St","Ripley","","WV","25271","3043724482","0","","https://commerce.wv.gov","38.8202284","-81.716254","26.4221462041003","","false","false","","","false","false","false","false"
"Walmart","Walmart","200 Academy Dr","Ripley","Jackson","WV","25271","3043724482","0","","http://www.walmart.com","38.82062","-81.71817","26.5283578060241","Lead Acid (Pb) Batteries; Plastic Shopping Bags; Food Storage Bags; Video Game Consoles; PlayStation Consoles","false","true","","","false","false","false","false"
"Tractor Supply","Tractor Supply","130 McGraw St","Ripley","Jackson","WV","25271","3043723406","0","","http://www.tractorsupply.com","38.82073","-81.7221","26.7301167866729","Transmission Fluid; Used Motor Oil; Video Game Consoles; PlayStation Consoles","false","true","","","false","false","false","false"
"Kroger","Kroger","106 McGraw St","Ripley","Jackson","WV","25271","3043728221","0","Sunday: 12:00 AM - 11:59 PM Monday: 12:00 AM - 11:59 PM Tuesday: 12:00 AM - 11:59 PM Wednesday: 12:00 AM - 11:59 PM Thursday: 12:00 AM - 11:59 PM Friday: 12:00 AM - 11:59 PM Saturday: 12:00 AM - 11:59 PM ","null","38.82073","-81.7221","26.7301167866729","Plastic Shopping Bags; Food Storage Bags; Video Game Consoles; PlayStation Consoles","false","true","","","false","false","false","false"
"Goodwill Industries of Kanawha Valley Inc. - Dell Reconnect Donation Site","","122 McGraw Street","Ripley","","WV","25271","3043731170","0","","http://goodwillkv.com/","38.8193428","-81.7228436","26.7358730460504","","false","false","","","false","false","false","false"
"Tractor Supply","null","130 McGraw Street","Ripley","","WV","25271","3043723406","0","","https://www.tractorsupply.com/","38.8195162","-81.7235704","26.7767552343552","","false","false","","","false","false","false","false"
"Walmart Supercenter","","200 Academy Dr","Ripley","","WV","25271","3043724482","0","","https://www.walmart.com/","38.8289611","-81.7205775","26.8496128081972","","false","false","","","false","false","false","false"
"Walmart Tire and Lube Express","","200 Academy Dr","Ripley","","WV","25271","3043724482","0","","https://www.walmart.com/cp/ideas/8932632","38.8289611","-81.7205775","26.8496128081972","","false","false","","","false","false","false","false"
"Advance Auto Parts","","6292 Sissonville Dr","Charleston","","WV","25312","3049840927","0","","http://shop.advanceautoparts.com/webapp/wcs/stores/servlet/home___","38.4748303","-81.6705888","26.9151262145271","","false","false","","","false","false","false","false"
"USPS Post Office Box Lobby Recycling Program","US Post Office","7078 Widen Dille Rd","Dille","Clay","WV","26617","8002758777","0","","https://www.usps.com/","38.48974","-80.8271","26.9407475567476","Catalogs; Greeting Cards; Magazines; Paper (Mixed)","false","true","","","false","false","false","false"
"Advance Auto Parts","Advance Auto Parts","6292 Sissonville Dr","Charleston","Kanawha","WV","25312","3049840927","0","Monday: 7:30 AM - 9:00 PM Tuesday: 7:30 AM - 9:00 PM Wednesday: 7:30 AM - 9:00 PM Thursday: 7:30 AM - 9:00 PM Friday: 7:30 AM - 9:00 PM Saturday: 7:30 AM - 9:00 PM Sunday: 9:00 AM - 8:00 PM ","http://www.advanceautoparts.com","38.47389","-81.67102","26.9705768977042","Lead Acid (Pb) Batteries; Used Motor Oil; Video Game Consoles; PlayStation Consoles","false","true","","","false","false","false","false"
"Jackson County Recycling Center","","Claylick Rd","Ripley","","WV","25271","3043728410","0","","https://commerce.wv.gov","38.823585","-81.7283449","27.1130549008199","","false","false","","","false","false","false","false"
"USPS Post Office Box Lobby Recycling Program","US Post Office","6088 Sissonville Dr","Charleston","Kanawha","WV","25312","8002758777","0","","https://www.usps.com/","38.46737","-81.66918","27.1414504851547","Catalogs; Greeting Cards; Magazines; Paper (Mixed)","false","true","","","false","false","false","false"
"The Breast Cancer Research Foundation Car Donation Program","","","Charleston","","WV","25302","8554502873","0","","https://cardonationfoundation.org/","38.3883739","-81.5980246","27.8857487099555","","false","false","","","false","false","false","false"
"USPS Post Office Box Lobby Recycling Program","US Post Office","502 E Schoolview St","Elizabeth","Wirt","WV","26143","8002758777","0","","https://www.usps.com/","39.08488","-81.43556","28.9555405708201","Catalogs; Greeting Cards; Magazines; Paper (Mixed)","false","true","","","false","false","false","false"
"US Post Office","US Post Office","130 Main St ","Sutton","Braxton County","WV","26601","8002758777","0","","","38.6661704","-80.7143381","29.2162052320584","Catalogs; Greeting Cards; Magazines; Paper (Mixed)","false","true","","","false","false","false","false"
"USPS Post Office Box Lobby Recycling Program","US Post Office","306 Riverview Dr","Sutton","Braxton","WV","26601","8002758777","0","","https://www.usps.com/","38.66642","-80.70799","29.5570525357202","Catalogs; Greeting Cards; Magazines; Paper (Mixed)","false","true","","","false","false","false","false"
"Braxton County Schools","Braxton County Schools","411 N Hill Rd","Sutton","Braxton","WV","26601","3047657911","0","Monday: 7:00 AM - 4:00 PM Tuesday: 7:00 AM - 4:00 PM Wednesday: 7:00 AM - 4:00 PM Thursday: 7:00 AM - 4:00 PM Friday: 7:00 AM - 4:00 PM ","","38.66981","-80.70748","29.5718433163981","Computer (Reuse); Video Game Consoles; PlayStation Consoles","false","true","","","false","false","false","false"
"USPS Post Office Box Lobby Recycling Program","US Post Office","1792 Dixie Hwy","Dixie","Nicholas","WV","25059","8002758777","0","","https://www.usps.com/","38.26159","-81.22235","29.6524001498922","Catalogs; Greeting Cards; Magazines; Paper (Mixed)","false","true","","","false","false","false","false"
"Coffman's Metals LLC","Coffman's Metals LLC","161 Birch River Rd ","Birch River","","WV","26610","3046495803","3046495805","Monday: 9:00 AM - 5:00 PM Tuesday: 9:00 AM - 5:00 PM Wednesday: 9:00 AM - 5:00 PM Thursday: 9:00 AM - 5:00 PM Friday: 9:00 AM - 5:00 PM Saturday: 9:00 AM - 2:00 PM ","http://www.coffmansmetals.net","38.498518","-80.7541832","30.1140215040288","Aluminum Cans; Aluminum; Car; Ferrous Metals (Steel or Iron); Large Household Appliances; Non-ferrous (Copper/Brass/Tin); Wire; Catalytic Converters; Radiators; High-Temp Alloys; Special Metals; Motors; Video Game Consoles; PlayStation Consoles","false","true","Please bring scrap at least an hour before closing.","","false","false","false","false"
"West Virginia Recycling Services","West Virginia Recycling Services","600 Slack St","Charleston","Kanawha","WV","25301","3043424477","0","Monday: 8:00 AM - 4:00 PM Tuesday: 8:00 AM - 4:00 PM Wednesday: 8:00 AM - 4:00 PM Thursday: 8:00 AM - 4:00 PM Friday: 8:00 AM - 4:00 PM ","http://www.wvrecyclingservicesllc.com","38.35807","-81.62386","30.3828476586573","Plastic #1 (PETE); Plastic #2 (HDPE); Plastic #2 (Color HDPE); Plastic #3 (PVC); Plastic #4 (LDPE); Plastic #5 (Polypropylene); Plastic #7; Aluminum Cans; Glass (Brown); Brown Paper Bags; Cardboard; Catalogs; Glass (Clear); Computer Paper; Ferrous Metals (Steel or Iron); Glass (Green); Greeting Cards; Large Household Appliances; Magazines; Paper (Mixed); Newspapers; Non-ferrous (Copper/Brass/Tin); Phone books; Plastic Shopping Bags; Tin or Steel Cans; Office Paper; Shredded Paper; Scrap Metal; High-Temp Alloys","false","true","Please sort materials first.","","false","false","false","false"
"West Virginia Recycling Services","","600 Slack Street","Charleston","","WV","25301","3042055768","0","","https://www.kanawharecycles.org/Default.aspx","38.3580018","-81.6244865","30.4086311643504","","false","false","","","false","false","false","false"
"USPS Post Office Box Lobby Recycling Program","US Post Office","4205 Old Turnpike Rd","Little Birch","Braxton","WV","26629","8002758777","0","","https://www.usps.com/","38.58121","-80.70896","30.4205846604186","Catalogs; Greeting Cards; Magazines; Paper (Mixed)","false","true","","","false","false","false","false"
"City of Charleston Curbside Program","City of Charleston Curbside Program","1100 Pennsylvania Ave","Charleston","Kanawha","WV","25302","3043486832","0","","http://www.cityofcharleston.org/","38.35965","-81.63041","30.534411275108","Aluminum Cans; Computer Paper; Electronics; Large Household Appliances; Office Paper; Paper (Mixed); Paperboard; Plastic #1 (PETE); Plastic #2 (HDPE); Plastic #3 (PVC); Plastic #4 (LDPE); Plastic #5 (Polypropylene); Plastic #7; Tin or Steel Cans; Used Tires","false","false","Call to arrange pick-up of electronics, white goods, and tires.","","true","false","false","false"
"Habitat for Humanity ReStore","Habitat for Humanity ReStore","301 Piedmont Rd ","Charleston","Kanawha County","WV","25301","3047208733","0","Monday: 9:00 AM - 6:00 PM Tuesday: 9:00 AM - 6:00 PM Wednesday: 9:00 AM - 6:00 PM Thursday: 9:00 AM - 6:00 PM Friday: 9:00 AM - 6:00 PM Saturday: 9:00 AM - 6:00 PM ","http://hfhkp.org/","38.3557535","-81.6290664","30.6886465453515","Ceiling Tiles; Ceramic Tiles; Construction Materials (Reuse); Household Goods; Linoleum; Ornaments; Latex Paint; Porcelain; Reusable Appliance Donation; Roofing Materials; Windows; Video Game Consoles; PlayStation Consoles","false","true","The ReStore can also pick up any donated item that is too big to fit in a standard car. If you have something you would like to have picked up, please call the donation coordinator at (304) 720-USED (8733) ext. 3.","","false","false","false","false"
"Habitat for Humanity ReStore","","301 Piedmont Rd","Charleston","","WV","25301","3047208733","0","","http://hfhkp.org/?page=restore","38.3555544","-81.6291099","30.7005656637691","","false","false","","","false","false","false","false"
"Daily Recycling","Daily Recycling","1334 Hansford St","Charleston","Kanawha","WV","25301","3043440564","0","Monday: 9:00 AM - 5:00 PM Tuesday: 9:00 AM - 5:00 PM Wednesday: 9:00 AM - 5:00 PM Thursday: 9:00 AM - 5:00 PM Friday: 9:00 AM - 5:00 PM Saturday: 9:00 AM - 1:00 PM ","","38.34831","-81.6202","30.7686135099024","Aluminum Cans; Ferrous Metals (Steel or Iron); Non-ferrous (Copper/Brass/Tin); Tin or Steel Cans; Video Game Consoles; PlayStation Consoles","false","true","","","false","false","false","false"
"USPS Post Office Box Lobby Recycling Program","US Post Office","11630 Smithville Rd","Smithville","Ritchie","WV","26178","8002758777","0","","https://www.usps.com/","39.0749","-80.96435","30.8506638728014","Catalogs; Greeting Cards; Magazines; Paper (Mixed)","false","true","","","false","false","false","false"
"USPS Post Office Box Lobby Recycling Program","US Post Office","55 Powells Creek Rd","Birch River","Nicholas","WV","26610","8002758777","0","","https://www.usps.com/","38.50004","-80.73766","30.8729133726578","Catalogs; Greeting Cards; Magazines; Paper (Mixed)","false","true","","","false","false","false","false"
"Advance Auto Parts","","4014 Maccorkle Ave SE","Charleston","","WV","25304","3049256946","0","","http://shop.advanceautoparts.com/webapp/wcs/stores/servlet/home___","38.3264114","-81.5893783","30.9443766309871","","false","false","","","false","false","false","false"
"Lowe's","","5750 Maccorkle Ave SE","Charleston","","WV","25304","3049266700","0","","https://newsroom.lowes.com/responsibility/operational-excellence/","38.3130833","-81.5647842","30.9585908039081","Batteries (Rechargeable); Cell Phone Batteries; Li-Ion Batteries; Ni-Cd Batteries; Ni-MH Batteries; Small Sealed Lead Acid Batteries; Cell Phones","false","true","","Call2Recycle","false","false","false","false"
"Advance Auto Parts","Advance Auto Parts","4014 Maccorkle Ave SE","Charleston","Kanawha","WV","25304","3049256946","0","Monday: 7:30 AM - 9:00 PM Tuesday: 7:30 AM - 9:00 PM Wednesday: 7:30 AM - 9:00 PM Thursday: 7:30 AM - 9:00 PM Friday: 7:30 AM - 9:00 PM Saturday: 7:30 AM - 9:00 PM Sunday: 9:00 AM - 8:00 PM ","http://www.advanceautoparts.com","38.32667","-81.59061","30.9688047924357","Lead Acid (Pb) Batteries; Used Motor Oil; Video Game Consoles; PlayStation Consoles","false","true","","","false","false","false","false"
"AutoZone","AutoZone","977 Virginia St W","Charleston","Kanawha","WV","25302","3043430876","0","Monday: 7:30 AM - 9:00 PM Tuesday: 7:30 AM - 9:00 PM Wednesday: 7:30 AM - 9:00 PM Thursday: 7:30 AM - 9:00 PM Friday: 7:30 AM - 9:00 PM Saturday: 7:30 AM - 9:00 PM Sunday: 9:00 AM - 9:00 PM ","http://www.autozone.com","38.3681","-81.65389","30.9690302584916","Lead Acid (Pb) Batteries; Used Motor Oil; Video Game Consoles; PlayStation Consoles","false","true","Most AutoZone stores accept used motor oil, transmission fluid, gear oil and automotive batteries. Call to see what your local store is currently accepting.","","false","false","false","false"
"AutoZone","null","977 Virginia St W","Charleston","","WV","25302","3043430876","0","","https://www.autozone.com/landing/page.jsp?name=in-our-stores","38.3678502","-81.6540162","30.9861979445572","","false","false","","","false","false","false","false"
"FedEx Office","FedEx Office","400 Capitol St","Charleston","Kanawha","WV","25301","3043431400","0","Monday: 6:00 AM - 11:59 PM Tuesday: 6:00 AM - 11:59 PM Wednesday: 6:00 AM - 11:59 PM Thursday: 6:00 AM - 11:59 PM Friday: 6:00 AM - 11:59 PM ","http://www.fedex.com/us/office/","38.35142","-81.6318","31.0117805199471","Inkjet Printer Cartridges; Laser Toner Cartridges; Video Game Consoles; PlayStation Consoles","false","true","","","false","false","false","false"
"Call2Recycle at Lowe's","Call2Recycle at Lowe's","5750 Maccorkle Ave SE","Charleston","Kanawha","WV","25304","3049266700","0","Monday: 6:00 AM - 10:00 PM Tuesday: 6:00 AM - 10:00 PM Wednesday: 6:00 AM - 10:00 PM Thursday: 6:00 AM - 10:00 PM Friday: 6:00 AM - 10:00 PM Saturday: 6:00 AM - 10:00 PM Sunday: 8:00 AM - 8:00 PM ","http://www.lowes.com/","38.31285","-81.56667","31.0273977545827","Cell Phones; Compact Fluorescent Lights; Ni-Cd Batteries; Plastic Shopping Bags; Li-Ion Batteries; Ni-MH Batteries; Ni-Zn Batteries; Small Sealed Lead Acid Batteries; Video Game Consoles; PlayStation Consoles","false","true","As an environmentally-committed retailer, Lowes offers a recycling center near store entrances to give consumers a free and easy way to properly dispose of rechargeable batteries, cell phones, CFLs and plastic shopping bags; materials that otherwise could be potentially harmful to the environment.  Look for the recycling center or ask a store associate for more details.","","false","false","false","false"
"Call2Recycle at RadioShack","Call2Recycle at RadioShack","5701 Maccorkle Ave SE","Charleston","Kanawha","WV","25304","3049253992","0","","http://www.radioshack.com/","38.31344","-81.56803","31.0331573710362","Cell Phones; Ni-Cd Batteries; Li-Ion Batteries; Ni-MH Batteries; Ni-Zn Batteries; Small Sealed Lead Acid Batteries; Video Game Consoles; PlayStation Consoles","false","true","As the first national retailer to partner with Call2Recycle, RadioShack is at the forefront of the rechargeable battery recycling cause and is pleased to offer battery recycling at thousands of convenient RadioShack locations for free.  Simply drop them off at your local RadioShack and theyll take care of the rest.  Ask a store associate for more details.","","false","false","false","false"
"AT&T Wireless","AT&T Wireless","5701 Maccorkle Ave SE Ste 21","Charleston","Kanawha","WV","25304","6812457869","0","","http://www.att.com/","38.31344","-81.56803","31.0331573710362","Cell Phones; Ni-Cd Batteries; Batteries (Rechargeable); Cell Phone Batteries; Tablets; Li-Ion Batteries; Video Game Consoles; PlayStation Consoles","false","true","Receive an AT&T Promotion Card worth the trade-in value of your smartphone, tablet, or netbook. You can also donate the trade-in value to Cell Phones for Soldiers.","","false","false","false","false"
"Firestone Complete Auto Care Store","Firestone Complete Auto Care Store","817 Washington St E","Charleston","Kanawha","WV","25301","3045530219","0","","http://www.firestonecompleteautocare.com/","38.35115","-81.63211","31.0368778508655","Lead Acid (Pb) Batteries; Used Motor Oil; Video Game Consoles; PlayStation Consoles","false","true","","","false","false","false","false"
"Advance Auto Parts","Advance Auto Parts","723 Virginia St W","Charleston","Kanawha","WV","25302","3043450781","0","Monday: 7:30 AM - 9:00 PM Tuesday: 7:30 AM - 9:00 PM Wednesday: 7:30 AM - 9:00 PM Thursday: 7:30 AM - 9:00 PM Friday: 7:30 AM - 9:00 PM Saturday: 7:30 AM - 9:00 PM Sunday: 9:00 AM - 8:00 PM ","http://www.advanceautoparts.com","38.36451","-81.651","31.0401318677382","Lead Acid (Pb) Batteries; Used Motor Oil; Video Game Consoles; PlayStation Consoles","false","true","","","false","false","false","false"
"Advance Auto Parts","","723 Virginia St W","Charleston","","WV","25302","3043450781","0","","http://shop.advanceautoparts.com/webapp/wcs/stores/servlet/home___","38.3644446","-81.6511529","31.0491086260573","","false","false","","","false","false","false","false"
"Salvation Army","Salvation Army","207 Wyoming St","Charleston","Kanawha","WV","25302","3043445531","0","Monday: 9:00 AM - 4:30 PM Tuesday: 9:00 AM - 4:30 PM Wednesday: 9:00 AM - 4:30 PM Thursday: 9:00 AM - 4:30 PM Friday: 9:00 AM - 4:30 PM Saturday: 9:00 AM - 4:30 PM ","http://www.satruck.com","38.35949","-81.6444","31.0500086285593","Bikes; Books (Reuse); Cell Phones; Clothing; Electronics; Furniture; Household Goods; Musical Instruments; Children's Toys; Small Appliances; MP3 Players; Video Game Consoles; PlayStation Consoles","false","true","This organization accepts donations of items in good condition for charitable resale. Some locations will arrange pick-ups. Visit <a href="http://www.satruck.com/" target="blank">website</a> for details.","Sony","false","false","false","false"
"Firestone Complete Auto Care","","817 Washington St","Charleston","","WV","25301","3043424185","0","","https://www.firestonecompleteautocare.com/","38.3504896","-81.6319198","31.0646291610078","","false","false","","","false","false","false","false"
"JCPenney","","401 Lee St E","Charleston","","WV","25301","3043459075","0","","https://www.jcpenney.com/","38.353503","-81.636365","31.0662907634037","","false","false","","","false","false","false","false"
"US Post Office","US Post Office","1002 Lee St E","Charleston","Kanawha","WV","25301","0","0","","https://www.usps.com/ship/recycle-through-usps.htm","38.34985","-81.63239","31.1147212012071","Inkjet Printer Cartridges; Video Game Consoles; PlayStation Consoles","false","true","Free, postage-paid Mail Back envelopes can be found on display in the lobby. There is no limit to the number of envelopes customers may take. The contents of the envelope must weigh less than 13 ounces and the envelope must be able to seal completely. For more details visit<a href="http://www.maxback.com/mxb-postoffice-collaboration" target="_blank">MaxBack</a>.","","false","false","false","false"
"USPS Post Office Box Lobby Recycling Program","US Post Office","1002 Lee St E Unit 1228","Charleston","Kanawha","WV","25324","8002758777","0","","https://www.usps.com/","38.34985","-81.63239","31.1147212012071","Catalogs; Greeting Cards; Magazines; Paper (Mixed)","false","true","","","false","false","false","false"
"USPS Post Office Box Lobby Recycling Program","US Post Office","1002 Lee St E Rm 1248","Charleston","Kanawha","WV","25301","8002758777","0","","https://www.usps.com/","38.34985","-81.63239","31.1147212012071","Catalogs; Greeting Cards; Magazines; Paper (Mixed)","false","true","","","false","false","false","false"
"USPS Post Office Box Lobby Recycling Program","US Post Office","1002 Lee St E Unit 1214","Charleston","Kanawha","WV","25324","8002758777","0","","https://www.usps.com/","38.34985","-81.63239","31.1147212012071","Catalogs; Greeting Cards; Magazines; Paper (Mixed)","false","true","","","false","false","false","false"
"Mobile Now","","3000 Charleston Town Center","Charleston","","WV","25389","3043430199","0","","","38.3535764","-81.6380135","31.1216711601498","","false","false","","","false","false","false","false"
"Mountain Mission Thrift Store","Mountain Mission Thrift Store","1620 7th Ave","Charleston","Kanawha","WV","25387","3043443407","0","Monday: 8:30 AM - 5:00 PM Tuesday: 8:30 AM - 5:00 PM Wednesday: 8:30 AM - 5:00 PM Thursday: 8:30 AM - 5:00 PM Friday: 8:30 AM - 5:00 PM ","http://mountainmission.com/","38.37145","-81.6626","31.13404810715","Bags & Belts; Bed Mattresses; Children's Toys; Clothing; Electronics; Furniture; Household Goods; Office Furniture; Reusable Appliance Donation; Video Game Consoles; PlayStation Consoles","true","true","","","false","false","false","false"
"Capitol Recycling Inc","Capitol Recycling Inc","609 48th St SE ","Charleston","Kanawha County","WV","25304","3049258942","0","","","38.3188948","-81.5821094","31.1432270615187","Aluminum Cans; Ferrous Metals (Steel or Iron); Non-ferrous (Copper/Brass/Tin); Video Game Consoles; PlayStation Consoles","false","true","","","false","false","false","false"
"Sears","Sears","200 Quarrier St","Charleston","Kanawha","WV","25301","3043577217","0","","http://www.sears.com/","38.35359","-81.63974","31.1831045814315","Cell Phones; Ni-Cd Batteries; Li-Ion Batteries; Ni-MH Batteries; Ni-Zn Batteries; Small Sealed Lead Acid Batteries; Video Game Consoles; PlayStation Consoles","false","true","The U.S. EPA estimates that more than 350 million rechargeable batteries are purchased annually in the U.S. Thanks to the environmental commitment of this location, its easy and free to recycle your batteries. Bring your rechargeable batteries to this location and look for the recycling box or ask an associate how you can do your part for the environment.","","false","false","false","false"
"Goodwill Industries of Kanawha Valley Inc. - Dell Reconnect Donation Site","","209 Virginia Street West","Charleston","","WV","25302","3043460811","0","","http://goodwillkv.com/","38.3584747","-81.6470872","31.2001732074031","","false","false","","","false","false","false","false"
"Call2Recycle at Dewalt Factory Service Center","Call2Recycle at Dewalt Factory Service Center","1638 6th Ave","Charleston","Kanawha","WV","25387","3043430289","0","","http://www.dewalt.com/","38.37069","-81.66345","31.2037428048855","Cell Phones; Ni-Cd Batteries; Li-Ion Batteries; Ni-MH Batteries; Ni-Zn Batteries; Small Sealed Lead Acid Batteries; Video Game Consoles; PlayStation Consoles","false","true","The U.S. EPA estimates that more than 350 million rechargeable batteries are purchased annually in the U.S. Thanks to the environmental commitment of this location, its easy and free to recycle your batteries. Bring your rechargeable batteries to this location and look for the recycling box or ask an associate how you can do your part for the environment.","","false","false","false","false"
"Goldfarb Electric","Goldfarb Electric","106 Virginia St E","Charleston","Kanawha","WV","25301","3043422153","0","","","38.35451","-81.64217","31.2235173428365","Cell Phones; Ni-Cd Batteries; Li-Ion Batteries; Ni-MH Batteries; Ni-Zn Batteries; Small Sealed Lead Acid Batteries; Video Game Consoles; PlayStation Consoles","false","true","The U.S. EPA estimates that more than 350 million rechargeable batteries are purchased annually in the U.S. Thanks to the environmental commitment of this location, its easy and free to recycle your batteries. Bring your rechargeable batteries to this location and look for the recycling box or ask an associate how you can do your part for the environment.","","false","false","false","false"
"AutoZone","AutoZone","6304 Maccorkle Ave SE","Charleston","Kanawha","WV","25304","3049250893","0","Monday: 7:30 AM - 9:00 PM Tuesday: 7:30 AM - 9:00 PM Wednesday: 7:30 AM - 9:00 PM Thursday: 7:30 AM - 9:00 PM Friday: 7:30 AM - 9:00 PM Saturday: 7:30 AM - 9:00 PM Sunday: 9:00 AM - 9:00 PM ","http://www.autozone.com","38.30761","-81.56334","31.2359600104078","Lead Acid (Pb) Batteries; Used Motor Oil; Video Game Consoles; PlayStation Consoles","false","true","Most AutoZone stores accept used motor oil, transmission fluid, gear oil and automotive batteries. Call to see what your local store is currently accepting.","","false","false","false","false"
"Advance Auto Parts","Advance Auto Parts","6418 Maccorkle Ave SE","Charleston","Kanawha","WV","25304","3049257749","0","Monday: 7:30 AM - 9:00 PM Tuesday: 7:30 AM - 9:00 PM Wednesday: 7:30 AM - 9:00 PM Thursday: 7:30 AM - 9:00 PM Friday: 7:30 AM - 9:00 PM Saturday: 7:30 AM - 9:00 PM Sunday: 9:00 AM - 8:00 PM ","http://www.advanceautoparts.com","38.30632","-81.56322","31.3080063606711","Lead Acid (Pb) Batteries; Used Motor Oil; Video Game Consoles; PlayStation Consoles","false","true","","","false","false","false","false"
"Monro","Monro","1656 4th Ave","Charleston","Kanawha","WV","25387","3043424002","0","Monday: 7:30 AM - 6:00 PM Tuesday: 7:30 AM - 6:00 PM Wednesday: 7:30 AM - 6:00 PM Thursday: 7:30 AM - 6:00 PM Friday: 7:30 AM - 6:00 PM Saturday: 7:30 AM - 6:00 PM ","http://monro.com","38.36927","-81.6651","31.3363277520236","Used Motor Oil; Video Game Consoles; PlayStation Consoles","false","true","","","false","false","false","false"
"Monro","","1656 4th Avenue","Charleston","","WV","25312","3043424002","0","","https://www.monro.com/","38.3697568","-81.6657661","31.337984663987","","false","false","","","false","false","false","false"
"USPS Post Office Box Lobby Recycling Program","US Post Office","5495 Turnpike Rd","Gilboa","Nicholas","WV","26671","8002758777","0","","https://www.usps.com/","38.29535","-80.96383","31.4905367322297","Catalogs; Greeting Cards; Magazines; Paper (Mixed)","false","true","","","false","false","false","false"
"RadioShack","RadioShack","1059 Charleston Town Ctr","Charleston","Kanawha","WV","25389","3043426060","0","Monday: 10:00 AM - 9:00 PM Tuesday: 10:00 AM - 9:00 PM Wednesday: 10:00 AM - 9:00 PM Thursday: 10:00 AM - 9:00 PM Friday: 10:00 AM - 9:00 PM Saturday: 10:00 AM - 9:00 PM Sunday: 12:30 PM - 6:00 PM ","http://www.radioshack.com","38.36828","-81.67332","31.7000482862415","Ni-Cd Batteries; Batteries (Rechargeable); Video Game Consoles; PlayStation Consoles","false","true","","","false","false","false","false"
"Verizon Wireless","Verizon Wireless","3000 Charleston Town Ctr","Charleston","Kanawha","WV","25389","3042059515","0","","http://www.verizonwireless.com/","38.36828","-81.67332","31.7000482862415","Cell Phones; Cell Phone Batteries; Video Game Consoles; PlayStation Consoles","false","true","<A Href="https://www.trade-in.vzw.com/home.aspx">
The Verizon Wireless Trade-In Program</A> allows you to trade in your used handset or tablet in a convenient and responsible way. 
<P>
<P>
Verizon Wireless works every day to protect our environment and give our customers opportunities to do the same. <A Href="http://aboutus.vzw.com/Green_Initiative/overview.html">Click here</A> for more examples of the earth-friendly initiatives and programs Verizon Wireless is proud to offer and support.","","false","false","false","false"
"USPS Post Office Box Lobby Recycling Program","US Post Office","24652 Turnpike Rd","Belva","Nicholas","WV","26656","8002758777","0","","https://www.usps.com/","38.23215","-81.18946","31.8323022060319","Catalogs; Greeting Cards; Magazines; Paper (Mixed)","false","true","","","false","false","false","false"
"Mountain Mission Thrift Store","Mountain Mission Thrift Store","3631 7th Ave","Charleston","Kanawha","WV","25387","3043443407","0","Monday: 8:30 AM - 5:00 PM Tuesday: 8:30 AM - 5:00 PM Wednesday: 8:30 AM - 5:00 PM Thursday: 8:30 AM - 5:00 PM Friday: 8:30 AM - 5:00 PM ","http://mountainmission.com/","38.37701","-81.69096","31.9746915773901","Bags & Belts; Bed Mattresses; Children's Toys; Clothing; Electronics; Furniture; Household Goods; Office Furniture; Reusable Appliance Donation; Video Game Consoles; PlayStation Consoles","true","true","","","false","false","false","false"
"Jackson County Solid Waste Authority Recycling Drop-Off Site","","Rte 68 South","Ravenswood","","WV","26164","3043723945","0","","https://commerce.wv.gov","38.948093","-81.7493987","32.0277963432746","","false","false","","","false","false","false","false"
"Goodwill Industries of Kanawha Valley Inc. - Dell Reconnect Donation Site","","7200 MacCorkle Avenue Southeast","Charleston","","WV","25304","3049256200","0","","http://goodwillkv.com/","38.2925354","-81.5667551","32.2187821116683","","false","false","","","false","false","false","false"
"Advance Auto Parts","Advance Auto Parts","315 Maccorkle Ave SW","South Charleston","Kanawha","WV","25303","3047445060","0","Monday: 7:00 AM - 10:00 PM Tuesday: 7:00 AM - 10:00 PM Wednesday: 7:00 AM - 10:00 PM Thursday: 7:00 AM - 10:00 PM Friday: 7:00 AM - 10:00 PM Saturday: 7:00 AM - 10:00 PM Sunday: 9:00 AM - 10:00 PM ","http://www.advanceautoparts.com","38.36933","-81.69593","32.5330081853254","Lead Acid (Pb) Batteries; Used Motor Oil; Video Game Consoles; PlayStation Consoles","false","true","","","false","false","false","false"
"USPS Post Office Box Lobby Recycling Program","US Post Office","2738 Big Sandy Rd","Amma","Roane","WV","25005","8002758777","0","","https://www.usps.com/","38.58382","-81.26463","7.3541854804035","Catalogs; Greeting Cards; Magazines; Paper (Mixed)","false","true","","","false","false","false","false"
"USPS Post Office Box Lobby Recycling Program","US Post Office","12426 Clay Rd","Newton","Roane","WV","25266","8002758777","0","","https://www.usps.com/","38.58709","-81.17303","8.37864051945206","Catalogs; Greeting Cards; Magazines; Paper (Mixed)","false","true","","","false","false","false","false"
"Walmart Supercenter","","Williams Dr","Spencer","","WV","25276","3049276920","0","","https://www.walmart.com/","38.7985338","-81.3508007","9.09868619342931","","false","false","","","false","false","false","false"
"Staats Pharmacy","","100 E Main St","Spencer","","WV","25276","3049273190","0","","https://wvrivers.org","38.8002387","-81.3478857","9.10885988334489","","false","false","","","false","false","false","false"
"Walmart","Walmart","97 Williams Dr","Spencer","Roane","WV","25276","3049276920","0","","http://www.walmart.com","38.79953","-81.35213","9.19598333635093","Lead Acid (Pb) Batteries; Plastic Shopping Bags; Food Storage Bags; Video Game Consoles; PlayStation Consoles","false","true","","","false","false","false","false"
"Advance Auto Parts","Advance Auto Parts","45 Williams Dr","Spencer","Roane","WV","25276","3049272891","0","Monday: 7:00 AM - 9:00 PM Tuesday: 7:00 AM - 9:00 PM Wednesday: 7:00 AM - 9:00 PM Thursday: 7:00 AM - 9:00 PM Friday: 7:00 AM - 9:00 PM Saturday: 7:00 AM - 9:00 PM Sunday: 10:00 AM - 8:00 PM ","http://www.advanceautoparts.com","38.79953","-81.35213","9.19598333635093","Lead Acid (Pb) Batteries; Used Motor Oil; Video Game Consoles; PlayStation Consoles","false","true","","","false","false","false","false"
"US Post Office","US Post Office","110 Main St ","Spencer","Roane County","WV","25276","8002758777","0","","https://www.usps.com/","38.8013815","-81.3498403","9.23273942115","Catalogs; Greeting Cards; Magazines; Paper (Mixed)","false","true","","","false","false","false","false"
"Salvation Army","Salvation Army","145 Main St ","Spencer","Roane County","WV","25276","3049275801","0","Tuesday: 9:00 AM - 5:00 PM Wednesday: 9:00 AM - 5:00 PM Thursday: 9:00 AM - 5:00 PM Friday: 9:00 AM - 5:00 PM Saturday: 9:00 AM - 4:30 PM ","http://www.salvationarmy.org","38.801435","-81.3499433","9.23888647609368","Bikes; Books (Reuse); Clothing; CD/DVD/Blu-ray/UHD discs; Computer (Reuse); Electronics; Hard Drives; Gift Bags; Eyeglasses; Household Goods; Musical Instruments; Ornaments; Reusable Appliance Donation; Sporting Goods; Miscellaneous Tools; Children's Toys; Small Appliances; MP3 Players; Video Game Consoles; PlayStation Consoles","false","true","This site accepts clean items in good condition.  It does not accept broken items.  Please call before dropping off any large items, such as appliances or furniture.  All other donations can be taken to the back door.","Sony","false","false","false","false"
"Roane County Solid Waste Authority Recycling Center","","Spring Creek Rd","Spencer","","WV","25276","3049274394","0","","https://commerce.wv.gov","38.8125155","-81.3517921","9.93749898553043","","false","false","","","false","false","false","false"
