name,description,address,city,region,province,postal_code,phone,fax,hours,url,latitude,longitude,distance,materials,pickup,dropoff,notes,groups,curbside,municipal,national,event_only
"USPS Post Office Box Lobby Recycling Program","US Post Office","61 South Rd","Topsfield","Washington","ME","04490","8002758777","0","","https://www.usps.com/","45.39725","-67.72323","14.0541263149561","Catalogs; Greeting Cards; Magazines; Paper (Mixed)","false","true","","","false","false","false","false"
"US Post Office","USPS Discarded Lobby Mail Recycling Program","61 South Rd","Topsfield","Washington","ME","04490","0","0","","","45.39725","-67.72323","14.0541263149561","Video Game Consoles; PlayStation Consoles","false","true","","","false","false","false","false"
"Call2Recycle at Waite Auto Salvage","Call2Recycle at Waite Auto Salvage","497 The Houlton Rd ","Waite","Washington County","ME","04492","2077965336","0","","null","45.3313407","-67.6908608","16.2564537433764","Cell Phones; Ni-Cd Batteries; Li-Ion Batteries; Ni-MH Batteries; Ni-Zn Batteries; Small Sealed Lead Acid Batteries; Video Game Consoles; PlayStation Consoles","false","true","The U.S. EPA estimates that more than 350 million rechargeable batteries are purchased annually in the U.S. Thanks to the environmental commitment of this location, its easy and free to recycle your batteries. Bring your rechargeable batteries to this location and look for the recycling box or ask an associate how you can do your part for the environment.","","false","false","false","false"
"USPS Post Office Box Lobby Recycling Program","US Post Office","33 Springfield Rd","Danforth","Washington","ME","04424","8002758777","0","","https://www.usps.com/","45.65758","-67.87114","20.5144042942115","Catalogs; Greeting Cards; Magazines; Paper (Mixed)","false","true","","","false","false","false","false"
"US Post Office","USPS Discarded Lobby Mail Recycling Program","33 Springfield Rd","Danforth","Washington","ME","04424","0","0","","","45.65758","-67.87114","20.5144042942115","Video Game Consoles; PlayStation Consoles","false","true","","","false","false","false","false"
"USPS Post Office Box Lobby Recycling Program","US Post Office","20 Main St","Princeton","Washington","ME","04668","8002758777","0","","https://www.usps.com/","45.22517","-67.57668","20.8796688776403","Catalogs; Greeting Cards; Magazines; Paper (Mixed)","false","true","","","false","false","false","false"
"US Post Office","USPS Discarded Lobby Mail Recycling Program","20 Main St","Princeton","Washington","ME","04668","0","0","","","45.22517","-67.57668","20.8796688776403","Video Game Consoles; PlayStation Consoles","false","true","","","false","false","false","false"
"Princeton Variety","","Main St","Princeton","","ME","4668","2077965128","0","","https://www.lamprecycle.org/state-local-laws/maine/","45.2054623","-67.5294994","21.9190592741725","","false","false","","","false","false","false","false"
"USPS Post Office Box Lobby Recycling Program","US Post Office","2338 US Route One","Orient","Aroostook","ME","04471","8002758777","0","","https://www.usps.com/","45.80789","-67.81754","25.2022047608449","Catalogs; Greeting Cards; Magazines; Paper (Mixed)","false","true","","","false","false","false","false"
"US Post Office","USPS Discarded Lobby Mail Recycling Program","2338 US Route One","Orient","Aroostook","ME","04471","0","0","","","45.80789","-67.81754","25.2022047608449","Video Game Consoles; PlayStation Consoles","false","true","","","false","false","false","false"
"Blue Rhino Exchange -    Duty Free Americas - Hardwickes","Blue Rhino Exchange -    Duty Free Americas - Hardwickes","40 Main St Ste 1","Calais","Washington","ME","04619","2074543404","0","","http://www.bluerhino.com","45.18898","-67.2805","25.2152466178466","Propane Tank Exchange; Video Game Consoles; PlayStation Consoles","false","true","","","false","false","false","false"
"USPS Post Office Box Lobby Recycling Program","US Post Office","76 North St","Calais","Washington","ME","04619","8002758777","0","","https://www.usps.com/","45.18674","-67.28009","25.3646484135319","Catalogs; Greeting Cards; Magazines; Paper (Mixed)","false","true","","","false","false","false","false"
"Blue Rhino Exchange -   Rite Aid #3892","Blue Rhino Exchange -   Rite Aid #3892","223 North St","Calais","Washington","ME","04619","2074542262","0","","http://www.bluerhino.com","45.1825","-67.28436","25.5491398311652","Propane Tank Exchange; Video Game Consoles; PlayStation Consoles","false","true","","","false","false","false","false"
"Johnson's True Value Hardware","Johnson's True Value Hardware","188 North St","Calais","Washington","ME","04619","2074542551","0","Monday: 7:00 AM - 6:00 PM Tuesday: 7:00 AM - 6:00 PM Wednesday: 7:00 AM - 6:00 PM Thursday: 7:00 AM - 6:00 PM Friday: 7:00 AM - 8:00 PM Saturday: 8:00 AM - 5:00 PM Sunday: 9:00 AM - 5:00 PM ","http://www.truevalue.com","45.18257","-67.28407","25.550310695449","Transmission Fluid; Used Motor Oil; Video Game Consoles; PlayStation Consoles","false","true","","","false","false","false","false"
"Calais Ace Homecenter","","295 North St","Calais","","ME","4619","2074542309","0","","https://www.lamprecycle.org/state-local-laws/maine/","45.1805989","-67.2866254","25.6263639022514","","false","false","","","false","false","false","false"
"St. Croix Recycling Facility","St. Croix Recycling Facility","63 Broadway St","Baileyville","Washington","ME","04694","2074273442","0","Tuesday: 8:00 AM - 12:00 PM Thursday: 8:00 AM - 4:00 PM Saturday: 8:00 AM - 4:00 PM ","null","45.15477","-67.40853","25.6893914648974","Plastic #2 (HDPE); Cardboard; Greeting Cards; Paper (Mixed); Newspapers; Organic Waste; Tin or Steel Cans; Video Game Consoles; PlayStation Consoles","false","true","","","false","false","false","false"
"City of Calais ME Department of","City of Calais ME Department of","312 North St","Calais","Washington","ME","04619","2074542763","0","","http://www.call2recycle.org/","45.17893","-67.28745","25.7168774368309","Cell Phones; Ni-Cd Batteries; Li-Ion Batteries; Ni-MH Batteries; Ni-Zn Batteries; Small Sealed Lead Acid Batteries; Video Game Consoles; PlayStation Consoles","false","true","The U.S. EPA estimates that more than 350 million rechargeable batteries are purchased annually in the U.S. Thanks to the environmental commitment of this location, its easy and free to recycle your batteries. Bring your rechargeable batteries to this location and look for the recycling box or ask an associate how you can do your part for the environment.","","false","false","false","false"
"Blue Rhino Exchange - Irving Mainway #1409","Blue Rhino Exchange - Irving Mainway #1409","102 Main St ","Baileyville","Washington County","ME","04694","2074276961","0","","http://www.bluerhino.com","45.15472","-67.4048048","25.7225983751935","Propane Tank Exchange; Video Game Consoles; PlayStation Consoles","false","true","","","false","false","false","false"
"Blue Rhino Exchange -  Calais Ace Homecenter #11232","Blue Rhino Exchange -  Calais Ace Homecenter #11232","295 North St","Calais","Washington","ME","04619","2074542309","0","","http://www.bluerhino.com","45.17733","-67.28914","25.787031885239","Propane Tank Exchange; Video Game Consoles; PlayStation Consoles","false","true","","","false","false","false","false"
"Johnson's True Value Hardware","","188 North Street","Calais","","ME","4619","2074542551","0","","https://www.truevalue.com/","45.1770597","-67.2887863","25.81089419802","","false","false","","","false","false","false","false"
"USPS Post Office Box Lobby Recycling Program","US Post Office","667 Houlton Rd Ste 1","Baileyville","Washington","ME","04694","8002758777","0","","https://www.usps.com/","45.14934","-67.40136","26.1173756541308","Catalogs; Greeting Cards; Magazines; Paper (Mixed)","false","true","","","false","false","false","false"
"US Post Office","USPS Discarded Lobby Mail Recycling Program","667 Houlton Rd Ste 1","Baileyville","Washington","ME","04694","0","0","","","45.14934","-67.40136","26.1173756541308","Video Game Consoles; PlayStation Consoles","false","true","","","false","false","false","false"
"Blue Rhino Exchange - Walmart #2178","Blue Rhino Exchange - Walmart #2178","379 South Street","Calais","Washington County","ME","04619","2074548178","0","","http://www.bluerhino.com","45.1760997","-67.2748807","26.1394153879718","Propane Tank Exchange; Video Game Consoles; PlayStation Consoles","false","true","","","false","false","false","false"
"Walmart","","South St","Calais","","ME","4619","2074548178","0","","https://www.walmart.com/","45.175992","-67.274956","26.1447306944318","","false","false","","","false","false","false","false"
"Walmart Tire and Lube Express","null","379 South St,","Calais","","ME","4619","2074548178","0","","https://www.walmart.com/cp/ideas/8932632","45.175992","-67.274956","26.1447306944318","","false","false","","","false","false","false","false"
"EBS Building Supplies","","South St","Calais","","ME","4619","2074542576","0","","https://www.lamprecycle.org/state-local-laws/maine/","45.175992","-67.274956","26.1447306944318","","false","false","","","false","false","false","false"
"Call2Recycle at PCT Communications","Call2Recycle at PCT Communications","483 North St","Calais","Washington","ME","04619","2074542174","0","","http://www.pctcommunications.com/","45.1692","-67.29204","26.2535989793358","Cell Phones; Ni-Cd Batteries; Li-Ion Batteries; Ni-MH Batteries; Ni-Zn Batteries; Small Sealed Lead Acid Batteries; Video Game Consoles; PlayStation Consoles; Batteries (Rechargeable); Cell Phone Batteries; Li-Ion Batteries; Ni-Cd Batteries; Ni-MH Batteries; Small Sealed Lead Acid Batteries; Cell Phones","false","true","The U.S. EPA estimates that more than 350 million rechargeable batteries are purchased annually in the U.S. Thanks to the environmental commitment of this location, its easy and free to recycle your batteries. Bring your rechargeable batteries to this location and look for the recycling box or ask an associate how you can do your part for the environment.","Call2Recycle","false","false","false","false"
"Walmart","Walmart","379 South St","Calais","Washington","ME","04619","2074548178","0","","http://www.walmart.com","45.17135","-67.28202","26.3022171680093","Lead Acid (Pb) Batteries; Plastic Shopping Bags; Food Storage Bags; Video Game Consoles; PlayStation Consoles","false","true","","","false","false","false","false"
"Walmart Tire & Lube Express","Walmart Tire & Lube Express","379 South St","Calais","Washington","ME","04619","2074548178","0","","http://www.walmart.com/catalog/catalog.gsp?cat=495843","45.17135","-67.28202","26.3022171680093","Lead Acid (Pb) Batteries; Used Motor Oil; Oil Filters; Video Game Consoles; PlayStation Consoles","false","true","","","false","false","false","false"
"Blue Rhino Exchange -  Hannaford #8214","Blue Rhino Exchange -  Hannaford #8214","361 South St","Calais","Washington","ME","04619","2074547788","0","","http://www.bluerhino.com","45.17135","-67.28202","26.3022171680093","Propane Tank Exchange; Video Game Consoles; PlayStation Consoles","false","true","","","false","false","false","false"
"Blue Rhino Exchange - Irving Mainway #0206","Blue Rhino Exchange - Irving Mainway #0206","32 Houlton Rd","Baileyville","Washington","ME","04694","2074548129","0","","http://www.bluerhino.com","45.12245","-67.34697","28.4938639751725","Propane Tank Exchange; Video Game Consoles; PlayStation Consoles","false","true","","","false","false","false","false"
"USPS Post Office Box Lobby Recycling Program","US Post Office","751 Main St","Wytopitlock","Aroostook","ME","04497","8002758777","0","","https://www.usps.com/","45.64261","-68.07984","29.5405123422998","Catalogs; Greeting Cards; Magazines; Paper (Mixed)","false","true","","","false","false","false","false"
"US Post Office","USPS Discarded Lobby Mail Recycling Program","751 Main St","Wytopitlock","Aroostook","ME","04497","0","0","","","45.64261","-68.07984","29.5405123422998","Video Game Consoles; PlayStation Consoles","false","true","","","false","false","false","false"
"USPS Post Office Box Lobby Recycling Program","US Post Office","1007 Main St","Springfield","Penobscot","ME","04487","8002758777","0","","https://www.usps.com/","45.39572","-68.13418","32.2289575389971","Catalogs; Greeting Cards; Magazines; Paper (Mixed)","false","true","","","false","false","false","false"
"US Post Office","USPS Discarded Lobby Mail Recycling Program","1007 Main St","Springfield","Penobscot","ME","04487","0","0","","","45.39572","-68.13418","32.2289575389971","Video Game Consoles; PlayStation Consoles","false","true","","","false","false","false","false"
"USPS Post Office Box Lobby Recycling Program","US Post Office","398 US Rte 1","Robbinston","Washington","ME","04671","8002758777","0","","https://www.usps.com/","45.09177","-67.12032","34.8118953262877","Catalogs; Greeting Cards; Magazines; Paper (Mixed)","false","true","","","false","false","false","false"
"US Post Office","USPS Discarded Lobby Mail Recycling Program","398 US Rte 1","Robbinston","Washington","ME","04671","0","0","","","45.09177","-67.12032","34.8118953262877","Video Game Consoles; PlayStation Consoles","false","true","","","false","false","false","false"
"USPS Post Office Box Lobby Recycling Program","US Post Office","1383 Kingman Rd","Kingman","Penobscot","ME","04451","8002758777","0","","https://www.usps.com/","45.56523","-68.21948","35.2401333672568","Catalogs; Greeting Cards; Magazines; Paper (Mixed)","false","true","","","false","false","false","false"
"US Post Office","USPS Discarded Lobby Mail Recycling Program","1383 Kingman Rd","Kingman","Penobscot","ME","04451","0","0","","","45.56523","-68.21948","35.2401333672568","Video Game Consoles; PlayStation Consoles","false","true","","","false","false","false","false"
"USPS Post Office Box Lobby Recycling Program","US Post Office","2790 Lee Rd","Lee","Penobscot","ME","04455","8002758777","0","","https://www.usps.com/","45.35967","-68.28404","39.9082281707645","Catalogs; Greeting Cards; Magazines; Paper (Mixed)","false","true","","","false","false","false","false"
"US Post Office","USPS Discarded Lobby Mail Recycling Program","2790 Lee Rd","Lee","Penobscot","ME","04455","0","0","","","45.35967","-68.28404","39.9082281707645","Video Game Consoles; PlayStation Consoles","false","true","","","false","false","false","false"
"USPS Post Office Box Lobby Recycling Program","US Post Office","23 Water St","Vanceboro","Washington","ME","04491","8002758777","0","","https://www.usps.com/","45.56122","-67.43159","4.06493764213672","Catalogs; Greeting Cards; Magazines; Paper (Mixed)","false","true","","","false","false","false","false"
"US Post Office","USPS Discarded Lobby Mail Recycling Program","23 Water St","Vanceboro","Washington","ME","04491","0","0","","","45.56122","-67.43159","4.06493764213672","Video Game Consoles; PlayStation Consoles","false","true","","","false","false","false","false"
"USPS Post Office Box Lobby Recycling Program","US Post Office","328 Main St","Mattawamkeag","Penobscot","ME","04459","8002758777","0","","https://www.usps.com/","45.51584","-68.3545","41.6653201977044","Catalogs; Greeting Cards; Magazines; Paper (Mixed)","false","true","","","false","false","false","false"
"US Post Office","USPS Discarded Lobby Mail Recycling Program","328 Main St","Mattawamkeag","Penobscot","ME","04459","0","0","","","45.51584","-68.3545","41.6653201977044","Video Game Consoles; PlayStation Consoles","false","true","","","false","false","false","false"
"Winn Recycling Center","","Winn Rd","Winn","","ME","4495","2077367111","0","","https://www.lamprecycle.org/state-local-laws/maine/","45.465681","-68.3596452","42.1094882605113","","false","false","","","false","false","false","false"
"USPS Post Office Box Lobby Recycling Program","US Post Office","475 US Route 1","Pembroke","Washington","ME","04666","8002758777","0","","https://www.usps.com/","44.95107","-67.17643","42.3432161401375","Catalogs; Greeting Cards; Magazines; Paper (Mixed)","false","true","","","false","false","false","false"
"US Post Office","USPS Discarded Lobby Mail Recycling Program","475 US Route 1","Pembroke","Washington","ME","04666","0","0","","","44.95107","-67.17643","42.3432161401375","Video Game Consoles; PlayStation Consoles","false","true","","","false","false","false","false"
"USPS Post Office Box Lobby Recycling Program","US Post Office","986 Route 2","Winn","Penobscot","ME","04495","8002758777","0","","https://www.usps.com/","45.48621","-68.37229","42.6064419971716","Catalogs; Greeting Cards; Magazines; Paper (Mixed)","false","true","","","false","false","false","false"
"US Post Office","USPS Discarded Lobby Mail Recycling Program","986 Route 2","Winn","Penobscot","ME","04495","0","0","","","45.48621","-68.37229","42.6064419971716","Video Game Consoles; PlayStation Consoles","false","true","","","false","false","false","false"
"USPS Post Office Box Lobby Recycling Program","US Post Office","972 US Route 1","Perry","Washington","ME","04667","8002758777","0","","https://www.usps.com/","44.97272","-67.07474","43.062276587267","Catalogs; Greeting Cards; Magazines; Paper (Mixed)","false","true","","","false","false","false","false"
"US Post Office","USPS Discarded Lobby Mail Recycling Program","972 US Route 1","Perry","Washington","ME","04667","0","0","","","44.97272","-67.07474","43.062276587267","Video Game Consoles; PlayStation Consoles","false","true","","","false","false","false","false"
"USPS Post Office Box Lobby Recycling Program","US Post Office","39 Court St","Houlton","Aroostook","ME","04730","8002758777","0","","https://www.usps.com/","46.12258","-67.83993","44.7321772396416","Catalogs; Greeting Cards; Magazines; Paper (Mixed)","false","true","","","false","false","false","false"
"The Light House","","95 Bangor St","Houlton","","ME","4730","2075322302","0","","https://www.lamprecycle.org/state-local-laws/maine/","46.1214184","-67.8492611","44.8273417606437","","false","false","","","false","false","false","false"
"Blue Rhino Exchange - Irving Mainway #1458","Blue Rhino Exchange - Irving Mainway #1458","112 Main St ","Houlton","Aroostook County","ME","04730","2075326813","0","","http://www.bluerhino.com","46.1257086","-67.8364942","44.871595967199","Propane Tank Exchange; Video Game Consoles; PlayStation Consoles","false","true","","","false","false","false","false"
"Call2Recycle at Pine Tree Waste","Call2Recycle at Pine Tree Waste","59 Alice Ave","Houlton","Aroostook","ME","04730","2075324264","0","","http://www.call2recycle.org/","46.12248","-67.84855","44.8820412221908","Cell Phones; Ni-Cd Batteries; Li-Ion Batteries; Ni-MH Batteries; Ni-Zn Batteries; Small Sealed Lead Acid Batteries; Video Game Consoles; PlayStation Consoles; Batteries (Rechargeable); Cell Phone Batteries; Li-Ion Batteries; Ni-Cd Batteries; Ni-MH Batteries; Small Sealed Lead Acid Batteries; Cell Phones","false","true","The U.S. EPA estimates that more than 350 million rechargeable batteries are purchased annually in the U.S. Thanks to the environmental commitment of this location, its easy and free to recycle your batteries. Bring your rechargeable batteries to this location and look for the recycling box or ask an associate how you can do your part for the environment.","Call2Recycle","false","false","false","false"
"S.W. Collins Company","","57 Bangor St","Houlton","","ME","4730","2075322263","0","","https://www.lamprecycle.org/state-local-laws/maine/","46.1237897","-67.845999","44.9191562830933","","false","false","","","false","false","false","false"
"Pine Tree Waste Transfer Station","","Florence Ave","Houlton","","ME","4730","2075324264","0","","","46.1236963","-67.8474439","44.9394933790175","","false","false","","","false","false","false","false"
"US Post Office","USPS Discarded Lobby Mail Recycling Program","39 Court St","Houlton","Aroostook","ME","04730","0","0","","","46.12244","-67.86543","45.1949940878239","Video Game Consoles; PlayStation Consoles","false","true","","","false","false","false","false"
"Blue Rhino Exchange - Andy's IGA Food Liner","Blue Rhino Exchange - Andy's IGA Food Liner","132 North St","Houlton","Aroostook","ME","04730","2075323305","0","","http://www.bluerhino.com","46.13406","-67.83958","45.4624051300164","Propane Tank Exchange; Video Game Consoles; PlayStation Consoles","false","true","","","false","false","false","false"
"Walmart","Walmart","17 Ludlow Rd","Houlton","Aroostook","ME","04730","2075322181","0","","http://www.walmart.com","46.14162","-67.84085","45.9706278000185","Lead Acid (Pb) Batteries; Plastic Shopping Bags; Food Storage Bags; Video Game Consoles; PlayStation Consoles","false","true","","","false","false","false","false"
"Walmart","","17 Ludlow Rd","Houlton","","ME","4730","2075322181","0","","https://www.walmart.com/","46.1431143","-67.8426054","46.0974529384877","","false","false","","","false","false","false","false"
"Community Cellular","Community Cellular","300 North St","Houlton","Aroostook","ME","04730","2075210182","0","","http://www.call2recycle.org/","46.14486","-67.84041","46.1714163942536","Cell Phones; Ni-Cd Batteries; Li-Ion Batteries; Ni-MH Batteries; Ni-Zn Batteries; Small Sealed Lead Acid Batteries; Video Game Consoles; PlayStation Consoles","false","true","The U.S. EPA estimates that more than 350 million rechargeable batteries are purchased annually in the U.S. Thanks to the environmental commitment of this location, its easy and free to recycle your batteries. Bring your rechargeable batteries to this location and look for the recycling box or ask an associate how you can do your part for the environment.","","false","false","false","false"
"Sherman Region Transfer Station","","253 Extract Rd","Sherman","","ME","4777","2073654879","0","","","45.8499806","-68.3734006","48.1296934876631","","false","false","","","false","false","false","false"
"Sherman Transfer Station & Recycling Center","","Extract Rd","Sherman","","ME","4776","2073654879","0","","http://www.nmdc.org/planning/local_programs.html","45.857056","-68.378107","48.5590929312738","","false","false","","","false","false","false","false"
"Blue Rhino Exchange - Irving Mainway #1479","Blue Rhino Exchange - Irving Mainway #1479","85 Washington St","Eastport","Washington","ME","04631","2078532376","0","","http://www.bluerhino.com","44.90654","-66.99525","48.942986569638","Propane Tank Exchange; Video Game Consoles; PlayStation Consoles","false","true","","","false","false","false","false"
"Value Village","","371 Bishop Dr","Fredericton","","NB","","5064557676","0","","https://www.valuevillage.com/donate/what-we-take","45.9437844","-66.6778307","48.9787681883949","","false","false","","","false","false","false","false"
"USPS Post Office Box Lobby Recycling Program","US Post Office","1 Washington St","Eastport","Washington","ME","04631","8002758777","0","","https://www.usps.com/","44.90595","-66.98639","49.1935328277914","Catalogs; Greeting Cards; Magazines; Paper (Mixed)","false","true","","","false","false","false","false"
"US Post Office","USPS Discarded Lobby Mail Recycling Program","1 Washington St","Eastport","Washington","ME","04631","0","0","","","44.90595","-66.98639","49.1935328277914","Video Game Consoles; PlayStation Consoles","false","true","","","false","false","false","false"
"USPS Post Office Box Lobby Recycling Program","US Post Office","30 Main Rd","Burlington","Penobscot","ME","04417","8002758777","0","","https://www.usps.com/","45.18821","-68.38913","49.195640756047","Catalogs; Greeting Cards; Magazines; Paper (Mixed)","false","true","","","false","false","false","false"
"US Post Office","USPS Discarded Lobby Mail Recycling Program","30 Main Rd","Burlington","Penobscot","ME","04417","0","0","","","45.18821","-68.38913","49.195640756047","Video Game Consoles; PlayStation Consoles","false","true","","","false","false","false","false"
"Fredericton Curbside Recycling","Fredericton Curbside Recycling","1775 Alison Blvd","Fredericton","NB","","E3C 0E5","5064539938","0","","http://frswc.ca/operations/recycling/","45.9024597","-66.6141313","49.9309939147742","Aluminum Cans; Cardboard; Computer Paper; Drink Boxes; Magazines; Milk Cartons; Newspapers; Paper (Mixed); Phone books; Plastic #1 (PETE); Plastic #2 (HDPE); Plastic #3 (PVC); Plastic #4 (LDPE); Plastic #5 (Polypropylene); Plastic #7; Plastic Shopping Bags; Tin or Steel Cans","false","false","Set Blue, Grey Boxes Out By 7 On Collection Day","","true","false","false","false"
"Fredericton Region Solid Waste Facility","Fredericton Region Solid Waste Facility","1775 Alison Blvd ","Fredericton","York County","","E3C","5064539930","0","Monday: 7:30 AM - 5:30 PM Tuesday: 7:30 AM - 5:30 PM Wednesday: 7:30 AM - 5:30 PM Thursday: 7:30 AM - 5:30 PM Friday: 7:30 AM - 5:30 PM Saturday: 7:30 AM - 3:00 PM ","http://frswc.ca/","45.9024597","-66.6141313","49.9309939147742","Plastic #1 (PETE); Plastic #2 (HDPE); Plastic #3 (PVC); Plastic #4 (LDPE); Plastic #5 (Polypropylene); Plastic #7; Aluminum Cans; Cardboard; Computer Paper; Magazines; Milk Cartons; Paper (Mixed); Newspapers; Phone books; Plastic Shopping Bags; Tin or Steel Cans; Office Paper","false","true","","","false","false","false","false"
"Walmart","","E Broadway","Lincoln","","ME","4457","2077948436","0","","https://www.walmart.com/","45.3636773","-68.5007747","50.0166567165254","","false","false","","","false","false","false","false"
"USPS Post Office Box Lobby Recycling Program","US Post Office","50 Fleming St","Lincoln","Penobscot","ME","04457","8002758777","0","","https://www.usps.com/","45.36697","-68.50454","50.144396694436","Catalogs; Greeting Cards; Magazines; Paper (Mixed)","false","true","","","false","false","false","false"
"US Post Office","USPS Discarded Lobby Mail Recycling Program","50 Fleming St","Lincoln","Penobscot","ME","04457","0","0","","","45.36697","-68.50454","50.144396694436","Video Game Consoles; PlayStation Consoles","false","true","","","false","false","false","false"
"Blue Rhino Exchange - Irving Mainway #1463","Blue Rhino Exchange - Irving Mainway #1463","62 W Broadway ","Lincoln","Penobscot County","ME","04457","2077948955","0","","http://www.bluerhino.com","45.3631478","-68.5107428","50.496455492627","Propane Tank Exchange; Video Game Consoles; PlayStation Consoles","false","true","","","false","false","false","false"
"Dyer Brook Recycling Center & Transfer Station","","146 Dyer Brook Rd","Dyer Brook","","ME","4747","2077578700","0","","http://www.nmdc.org/planning/local_programs.html","46.0456474","-68.2282689","50.6194289975436","","false","false","","","false","false","false","false"
"Blue Rhino Exchange - High Street Market","Blue Rhino Exchange - High Street Market","119 High St ","Lincoln","Penobscot County","ME","04457","2077946073","0","","http://www.bluerhino.com","45.3524184","-68.5123236","50.7415815695975","Propane Tank Exchange; Video Game Consoles; PlayStation Consoles","false","true","","","false","false","false","false"
"USPS Post Office Box Lobby Recycling Program","US Post Office","2070 Medway Rd","Medway","Penobscot","ME","04460","8002758777","0","","https://www.usps.com/","45.61306","-68.54293","51.1319655130069","Catalogs; Greeting Cards; Magazines; Paper (Mixed)","false","true","","","false","false","false","false"
"US Post Office","USPS Discarded Lobby Mail Recycling Program","2070 Medway Rd","Medway","Penobscot","ME","04460","0","0","","","45.61306","-68.54293","51.1319655130069","Video Game Consoles; PlayStation Consoles","false","true","","","false","false","false","false"
"Lincoln Transfer Station","","Station Park Ave","Lincoln","","ME","4457","2077942621","0","","https://lincolnmaine.org","45.364633","-68.5248656","51.1424390357577","","false","false","","","false","false","false","false"
"Walmart","Walmart","250 W Broadway","Lincoln","Penobscot","ME","04457","2077948436","0","","http://www.walmart.com","45.35872","-68.52328","51.1582627428624","Lead Acid (Pb) Batteries; Plastic Shopping Bags; Food Storage Bags; Video Game Consoles; PlayStation Consoles","false","true","","","false","false","false","false"
"Lubec Hardware","","33 N Water St","Lubec","","ME","4652","2077332839","0","","https://www.lamprecycle.org/state-local-laws/maine/","44.8611759","-66.9836072","51.9613151774911","","false","false","","","false","false","false","false"
"USPS Post Office Box Lobby Recycling Program","US Post Office","3 Washington St","Lubec","Washington","ME","04652","8002758777","0","","https://www.usps.com/","44.8587","-66.98368","52.1101864226931","Catalogs; Greeting Cards; Magazines; Paper (Mixed)","false","true","","","false","false","false","false"
"US Post Office","USPS Discarded Lobby Mail Recycling Program","3 Washington St","Lubec","Washington","ME","04652","0","0","","","44.8587","-66.98368","52.1101864226931","Video Game Consoles; PlayStation Consoles","false","true","","","false","false","false","false"
"Lubec Recycling Center","","Lower Pleasant St","Lubec","","ME","4652","2077334731","0","","","44.8583815","-66.983488","52.1340198079267","","false","false","","","false","false","false","false"
"USPS Post Office Box Lobby Recycling Program","US Post Office","240 US Rte 1","Whiting","Washington","ME","04691","8002758777","0","","https://www.usps.com/","44.78791","-67.18356","52.905283644622","Catalogs; Greeting Cards; Magazines; Paper (Mixed)","false","true","","","false","false","false","false"
"US Post Office","USPS Discarded Lobby Mail Recycling Program","240 US Rte 1","Whiting","Washington","ME","04691","0","0","","","44.78791","-67.18356","52.905283644622","Video Game Consoles; PlayStation Consoles","false","true","","","false","false","false","false"
"USPS Post Office Box Lobby Recycling Program","US Post Office","3391 US Route 2","Smyrna Mills","Aroostook","ME","04780","8002758777","0","","https://www.usps.com/","46.13091","-68.15984","52.9099346567374","Catalogs; Greeting Cards; Magazines; Paper (Mixed)","false","true","","","false","false","false","false"
"US Post Office","USPS Discarded Lobby Mail Recycling Program","3391 US Route 2","Smyrna Mills","Aroostook","ME","04780","0","0","","","46.13091","-68.15984","52.9099346567374","Video Game Consoles; PlayStation Consoles","false","true","","","false","false","false","false"
"USPS Post Office Box Lobby Recycling Program","US Post Office","95 Main St","East Millinocket","Penobscot","ME","04430","8002758777","0","","https://www.usps.com/","45.62635","-68.5782","52.9366196095659","Catalogs; Greeting Cards; Magazines; Paper (Mixed)","false","true","","","false","false","false","false"
"US Post Office","USPS Discarded Lobby Mail Recycling Program","95 Main St","East Millinocket","Penobscot","ME","04430","0","0","","","45.62635","-68.5782","52.9366196095659","Video Game Consoles; PlayStation Consoles","false","true","","","false","false","false","false"
"Littleton Transfer Station","","282 Foster Rd","Houlton","","ME","4730","2075389307","0","","http://www.nmdc.org/planning/local_programs.html","46.2588999","-67.8842137","54.2804504682358","","false","false","","","false","false","false","false"
"USPS Post Office Box Lobby Recycling Program","US Post Office","580 Main St","East Machias","Washington","ME","04630","8002758777","0","","https://www.usps.com/","44.73193","-67.39729","54.7696429616688","Catalogs; Greeting Cards; Magazines; Paper (Mixed)","false","true","","","false","false","false","false"
"US Post Office","USPS Discarded Lobby Mail Recycling Program","580 Main St","East Machias","Washington","ME","04630","0","0","","","44.73193","-67.39729","54.7696429616688","Video Game Consoles; PlayStation Consoles","false","true","","","false","false","false","false"
"Machias Bay Area Transfer Station","Machias Bay Area Transfer Station","115 Broadway ","Machias","Washington County","ME","04654","2075985602","0","","null","44.721702","-67.4696317","55.2862703866914","Batteries (Rechargeable); Cell Phone Batteries; Cell Phones; Li-Ion Batteries; Ni-Cd Batteries; Ni-MH Batteries; Small Sealed Lead Acid Batteries","false","true","Call or Check Online for Hours","Call2Recycle","false","false","false","false"
"USPS Post Office Box Lobby Recycling Program","US Post Office","193 Main St ","Machias","Washington County","ME","04654","8002758777","0","","null","44.7215152","-67.4468604","55.3340085016617","Catalogs; Greeting Cards; Magazines; Paper (Mixed)","false","true","","","false","false","false","false"
"EBS Building Supplies","","9 Quoddy Lane","Machias","","ME","4654","2072553328","0","","https://www.lamprecycle.org/state-local-laws/maine/","44.7189375","-67.4540067","55.4986656839398","","false","false","","","false","false","false","false"
"Oxford Region Recycling Drop-Off","","North St","Machias","","ME","4654","2078242669","0","","","44.7179833","-67.4593497","55.5560550074483","","false","false","","","false","false","false","false"
